1.345033836708460512e+03 5.809068493724009130e+00
1.355034088282500988e+03 1.307839856864238470e+01
1.365034339856541692e+03 1.613450160967973090e+01
1.375034591430582168e+03 1.771342282628569365e+01
1.385034843004622871e+03 1.635819550679373435e+01
1.395035094578663575e+03 1.354611075829354405e+01
1.405035346152704051e+03 1.479055400154673272e+01
1.415035597726744527e+03 2.003466963318645000e+01
1.425035849300785230e+03 2.485578828107104954e+01
1.435036100874825934e+03 2.883686438649485240e+01
1.442036276976654335e+03 3.133172899623432173e+01
1.447036402763674687e+03 3.311386000914466621e+01
1.455036604022907113e+03 3.479654804178365879e+01
1.465036855596947589e+03 3.604058779360882880e+01
1.475037107170988293e+03 3.673254953376849841e+01
1.485037358745028769e+03 3.632845574333467198e+01
1.495037610319069472e+03 3.538043223725681941e+01
1.505037861893110176e+03 3.485357799170100179e+01
1.512038037994938577e+03 3.477517388666909426e+01
1.517038163781958929e+03 3.471923619746133483e+01
1.525038365041191128e+03 3.380730968943375814e+01
1.535038616615231831e+03 3.124095896465564692e+01
1.545038868189272307e+03 2.786486875751859316e+01
1.555039119763313010e+03 2.613790309909345666e+01
1.565039371337353714e+03 2.603459590485119435e+01
1.575039622911394190e+03 2.593118963610559646e+01
1.585039874485434893e+03 2.582798669007596359e+01
1.595040126059475369e+03 2.572458815852456837e+01
1.605040377633516073e+03 2.562128832807445988e+01
1.615040629207556549e+03 2.435520233462866813e+01
1.625040880781597252e+03 2.194514773162349996e+01
1.635041132355637728e+03 1.953508710228168965e+01
1.645041383929678432e+03 1.712502139858174743e+01
1.655041635503719135e+03 1.555389843709245312e+01
1.665041887077759611e+03 1.480787522400766321e+01
1.672042063179588013e+03 1.428566208680273419e+01
1.677042188966608364e+03 1.391265270309101609e+01
1.685042390225841018e+03 1.331583768914977739e+01
1.695042641799881267e+03 1.256981761226310645e+01
1.705042893373921970e+03 1.203358566106673422e+01
1.715043144947962674e+03 1.170357621671942461e+01
1.725043396522003150e+03 1.137356791477389528e+01
1.735043648096043853e+03 1.104355961284024090e+01
1.745043899670084556e+03 1.071355642058217228e+01
1.755044151244125032e+03 9.589589163962084939e+00
1.765044402818165509e+03 7.685545703412773655e+00
1.775044654392206212e+03 5.781497803723937068e+00
1.785044905966246915e+03 3.877449904021042393e+00
1.795045157540287391e+03 1.973399080651122350e+00
1.805045409114327867e+03 5.103253917381532778e-01
