3.830096352857549391e+03 2.125317063850012608e-02
3.831096378014953189e+03 2.181322418336987395e-02
3.832096403172357441e+03 2.238817496606726465e-02
3.833096428329761238e+03 2.297791630978948674e-02
3.834096453487165491e+03 2.358234153773478350e-02
3.835096478644569288e+03 2.420134397310031230e-02
3.836096503801973540e+03 2.483481693908435456e-02
3.837096528959377792e+03 2.548265375888432438e-02
3.838096554116782045e+03 2.614474775569794462e-02
3.839096579274185842e+03 2.682099225272260162e-02
3.840096604431590094e+03 2.751128057315663580e-02
3.841096629588993892e+03 2.821550604019711084e-02
3.842096654746398144e+03 2.893356197704238797e-02
3.843096679903801942e+03 2.966534170688951352e-02
3.844096705061205739e+03 3.041073855293652609e-02
3.845096730218610446e+03 3.116964583838182853e-02
3.846096755376014244e+03 3.194195688642174902e-02
3.847096780533418496e+03 3.272756502025504083e-02
3.848096805690821839e+03 3.352636356307833049e-02
3.849096830848226546e+03 3.433824583809116926e-02
3.850096856005630343e+03 3.516310516848939610e-02
3.851096881163034141e+03 3.600083487747147287e-02
3.852096906320438393e+03 3.685132828823549367e-02
3.853096931477842190e+03 3.771447872397840073e-02
3.854096956635246443e+03 3.859017950789867674e-02
3.855096981792650240e+03 3.947832396319324311e-02
3.856097006950054947e+03 4.037880541306102661e-02
3.857097032107458745e+03 4.129151718069808824e-02
3.858097057264862997e+03 4.221635258930338253e-02
3.859097082422266794e+03 4.315320496207378231e-02
3.860097107579670592e+03 4.410196762220740252e-02
3.861097132737075299e+03 4.506253389290284378e-02
3.862097157894478642e+03 4.603479709735560504e-02
3.863097183051882894e+03 4.701865055876561922e-02
3.864097208209287146e+03 4.801398760032968283e-02
3.865097233366690944e+03 4.902070154524509199e-02
3.866097258524095196e+03 5.003868571671043347e-02
3.867097283681498993e+03 5.106783343792250379e-02
3.868097308838903700e+03 5.210803803208042401e-02
3.869097333996307498e+03 5.315919282238000532e-02
3.870097359153711750e+03 5.422119113202038959e-02
3.871097384311115547e+03 5.529392628419829703e-02
3.872097409468519800e+03 5.637729160211245316e-02
3.873097434625924052e+03 5.747118040896005003e-02
3.874097459783327849e+03 5.857548602793830744e-02
3.875097484940732102e+03 5.969010178224593011e-02
3.876097510098135899e+03 6.081492099507961047e-02
3.877097535255540151e+03 6.194983698963808794e-02
3.878097560412943949e+03 6.309474308911801332e-02
3.879097585570348201e+03 6.424953261671818849e-02
3.880097610727751999e+03 6.541409889563523650e-02
3.881097635885156251e+03 6.658833524906791757e-02
3.882097661042560503e+03 6.777213500021343762e-02
3.883097686199964755e+03 6.896539147226950217e-02
3.884097711357368553e+03 7.016799798843326164e-02
3.885097736514772805e+03 7.137984787190351788e-02
3.886097761672176603e+03 7.260083444587685231e-02
3.887097786829580400e+03 7.383085103355158108e-02
3.888097811986984652e+03 7.506979095812593705e-02
3.889097837144388905e+03 7.631754754279705677e-02
3.890097862301792702e+03 7.757401411076214615e-02
3.891097887459196500e+03 7.883908398521942418e-02
3.892097912616600752e+03 8.011265048936716537e-02
3.893097937774005004e+03 8.139460694640254790e-02
3.894097962931409256e+03 8.268484667952326339e-02
3.895097988088813509e+03 8.398326301192701737e-02
3.896098013246216851e+03 8.528974926681032187e-02
3.897098038403621103e+03 8.660419876737328326e-02
3.898098063561025356e+03 8.792650483681239970e-02
3.899098088718429153e+03 8.925656079832479384e-02
3.900098113875833405e+03 9.059425997510935080e-02
3.901098139033237658e+03 9.193949569036323488e-02
3.902098164190641455e+03 9.329216126728349934e-02
3.903098189348045707e+03 9.465215002906907094e-02
3.904098214505449505e+03 9.601935529891644783e-02
3.905098239662853757e+03 9.739367040002457065e-02
3.906098264820258009e+03 9.877498865559053431e-02
3.907098289977661807e+03 1.001632033888114059e-01
3.908098315135065604e+03 1.015582079228855295e-01
3.909098340292469857e+03 1.029598955810112348e-01
3.910098365449874109e+03 1.043681596863856448e-01
3.911098390607277906e+03 1.057828935622057431e-01
3.912098415764681704e+03 1.072039905316699571e-01
3.913098440922085956e+03 1.086313439179766166e-01
3.914098466079490208e+03 1.100648470443227472e-01
3.915098491236894461e+03 1.115043932339061517e-01
3.916098516394298713e+03 1.129498758099244243e-01
3.917098541551702510e+03 1.144011880955746879e-01
3.918098566709106308e+03 1.158582234140553002e-01
3.919098591866510560e+03 1.173208750885646051e-01
3.920098617023914358e+03 1.187890364422990175e-01
3.921098642181318155e+03 1.202626007984568673e-01
3.922098667338722862e+03 1.217414614802372341e-01
3.923098692496126660e+03 1.232255118108351727e-01
3.924098717653530912e+03 1.247146451134503453e-01
3.925098742810934709e+03 1.262087547112791530e-01
3.926098767968338962e+03 1.277077339275206613e-01
3.927098793125742759e+03 1.292114760853711741e-01
3.928098818283147466e+03 1.307198745080305202e-01
3.929098843440551263e+03 1.322328225186936157e-01
3.930098868597955061e+03 1.337502134361803485e-01
3.931098893755359313e+03 1.352719345839127341e-01
3.932098918912763565e+03 1.367978554115764911e-01
3.933098944070167363e+03 1.383278420528260000e-01
3.934098969227571615e+03 1.398617606413178338e-01
3.935098994384975867e+03 1.413994773107064284e-01
3.936099019542379210e+03 1.429408581946454704e-01
3.937099044699783917e+03 1.444857694267936421e-01
3.938099069857187715e+03 1.460340771408025207e-01
3.939099095014591512e+03 1.475856474703286514e-01
3.940099120171995764e+03 1.491403465490279134e-01
3.941099145329400017e+03 1.506980405105546594e-01
3.942099170486803814e+03 1.522585954885633530e-01
3.943099195644207612e+03 1.538218776167098178e-01
3.944099220801611864e+03 1.553877530286499331e-01
3.945099245959015661e+03 1.569560878580373853e-01
3.946099271116419914e+03 1.585267482385286641e-01
3.947099296273823711e+03 1.600996003037775672e-01
3.948099321431228418e+03 1.616745101874413337e-01
3.949099346588632216e+03 1.632513440231722068e-01
3.950099371746036013e+03 1.648299679446267596e-01
3.951099396903440265e+03 1.664102480854608435e-01
3.952099422060844518e+03 1.679920505793288665e-01
3.953099447218248315e+03 1.695752415598852647e-01
3.954099472375653022e+03 1.711596871607873327e-01
3.955099497533056820e+03 1.727452535156872304e-01
3.956099522690461072e+03 1.743318067582423359e-01
3.957099547847864869e+03 1.759192130221063632e-01
3.958099573005268667e+03 1.775073384409350252e-01
3.959099598162673374e+03 1.790960491483850336e-01
3.960099623320076716e+03 1.806852112781078545e-01
3.961099648477480969e+03 1.822746909637622259e-01
3.962099673634885221e+03 1.838643543390018342e-01
3.963099698792289018e+03 1.854540675374811154e-01
3.964099723949693271e+03 1.870436966928565869e-01
3.965099749107097523e+03 1.886331079387827125e-01
3.966099774264501775e+03 1.902221674089145664e-01
3.967099799421905573e+03 1.918107412369066123e-01
3.968099824579309370e+03 1.933986955564146459e-01
3.969099849736713168e+03 1.949858965010938527e-01
3.970099874894117875e+03 1.965722102046008057e-01
3.971099900051521672e+03 1.981575028005876371e-01
3.972099925208925924e+03 1.997416404227117803e-01
3.973099950366329722e+03 2.013244892046268941e-01
3.974099975523733974e+03 2.029059152799894961e-01
3.975100000681137772e+03 2.044857847824532726e-01
3.976100025838542024e+03 2.060639638456748524e-01
3.977100050995945821e+03 2.076403186033078940e-01
3.978100076153350074e+03 2.092147151890089707e-01
3.979100101310754326e+03 2.107870197364324627e-01
3.980100126468158123e+03 2.123570983789568045e-01
3.981100151625562376e+03 2.139248168848819354e-01
3.982100176782966173e+03 2.154900399381114162e-01
3.983100201940370425e+03 2.170526320221398131e-01
3.984100227097774223e+03 2.186124576204587500e-01
3.985100252255178475e+03 2.201693812165627928e-01
3.986100277412582727e+03 2.217232672939442872e-01
3.987100302569986980e+03 2.232739803360963837e-01
3.988100327727390777e+03 2.248213848265114834e-01
3.989100352884794574e+03 2.263653452486833473e-01
3.990100378042198827e+03 2.279057260861058476e-01
3.991100403199603079e+03 2.294423918222713576e-01
3.992100428357006876e+03 2.309752069406722785e-01
3.993100453514410674e+03 2.325040359248023991e-01
3.994100478671814471e+03 2.340287432581548976e-01
3.995100503829219178e+03 2.355491934242241736e-01
3.996100528986622976e+03 2.370652509065005464e-01
3.997100554144027228e+03 2.385767801884792760e-01
3.998100579301431480e+03 2.400836457536527913e-01
3.999100604458835278e+03 2.415857120855134099e-01
4.000100629616239530e+03 2.430828436675556981e-01
4.001100654773643328e+03 2.445749049832713073e-01
4.002100679931047580e+03 2.460617605161548038e-01
4.003100705088451832e+03 2.475432747496985331e-01
4.004100730245855630e+03 2.490193121673949239e-01
4.005100755403259427e+03 2.504897372527378763e-01
4.006100780560663679e+03 2.519544144892210125e-01
4.007100805718067477e+03 2.534132083603362062e-01
4.008100830875471729e+03 2.548659833495777738e-01
4.009100856032875981e+03 2.563126039404382550e-01
4.010100881190279779e+03 2.577529346164100232e-01
4.011100906347683576e+03 2.591868398609870061e-01
4.012100931505087829e+03 2.606141841576627982e-01
4.013100956662492536e+03 2.620348319899304945e-01
4.014100981819896333e+03 2.634486478412814137e-01
4.015101006977300585e+03 2.648554961952104270e-01
4.016101032134704383e+03 2.662552415352094082e-01
4.017101057292108180e+03 2.676477483447721184e-01
4.018101082449512433e+03 2.690328811073923188e-01
4.019101107606916685e+03 2.704105043065624381e-01
4.020101132764320482e+03 2.717804824257749607e-01
4.021101157921724734e+03 2.731426799485242030e-01
4.022101183079128532e+03 2.744969613583022050e-01
4.023101208236532784e+03 2.758431911386030611e-01
4.024101233393937036e+03 2.771812337729193665e-01
4.025101258551340834e+03 2.785109537447437167e-01
4.026101283708745086e+03 2.798322155375703169e-01
4.027101308866148884e+03 2.811448836348910407e-01
4.028101334023553136e+03 2.824488225202002045e-01
4.029101359180957388e+03 2.837438966769904036e-01
4.030101384338361186e+03 2.850299706213004214e-01
4.031101409495765438e+03 2.863069504678091848e-01
4.032101434653168781e+03 2.875748654371884649e-01
4.033101459810573488e+03 2.888337674147176681e-01
4.034101484967977740e+03 2.900837082856711491e-01
4.035101510125381537e+03 2.913247399353255940e-01
4.036101535282785335e+03 2.925569142489581331e-01
4.037101560440190042e+03 2.937802831118464519e-01
4.038101585597593839e+03 2.949948984092649606e-01
4.039101610754997637e+03 2.962008120264914002e-01
4.040101635912401889e+03 2.973980758488028453e-01
4.041101661069805687e+03 2.985867417614749275e-01
4.042101686227209939e+03 2.997668616497852767e-01
4.043101711384613736e+03 3.009384873990093578e-01
4.044101736542017534e+03 3.021016708944244122e-01
4.045101761699421786e+03 3.032564640213075702e-01
4.046101786856826038e+03 3.044029186649349072e-01
4.047101812014230291e+03 3.055410867105828876e-01
4.048101837171634088e+03 3.066710200435278089e-01
4.049101862329038795e+03 3.077927705490477450e-01
4.050101887486442138e+03 3.089063901124167177e-01
4.051101912643846390e+03 3.100119306189139112e-01
4.052101937801250642e+03 3.111094439538148460e-01
4.053101962958654894e+03 3.121989820023962081e-01
4.054101988116058692e+03 3.132805966499341288e-01
4.055102013273462489e+03 3.143543397817056273e-01
4.056102038430867196e+03 3.154202632829883890e-01
4.057102063588270994e+03 3.164784190390570462e-01
4.058102088745674791e+03 3.175288589351890067e-01
4.059102113903078589e+03 3.185716348566611233e-01
4.060102139060482841e+03 3.196067986887503598e-01
4.061102164217887093e+03 3.206344023167328472e-01
4.062102189375291346e+03 3.216544976258851607e-01
4.063102214532695143e+03 3.226671365014835424e-01
4.064102239690099395e+03 3.236723708288054557e-01
4.065102264847503193e+03 3.246702524931265876e-01
4.066102290004907445e+03 3.256608333797245125e-01
4.067102315162311697e+03 3.266441653738753614e-01
4.068102340319715495e+03 3.276203003608552655e-01
4.069102365477119747e+03 3.285892902259416881e-01
4.070102390634523545e+03 3.295511868544104273e-01
4.071102415791927797e+03 3.305060421315388908e-01
4.072102440949331594e+03 3.314539079426029322e-01
4.073102466106735847e+03 3.323948361728799594e-01
4.074102491264139644e+03 3.333288787076457149e-01
4.075102516421543896e+03 3.342560874321776621e-01
4.076102541578948149e+03 3.351765142317519319e-01
4.077102566736351946e+03 3.360902109916448222e-01
4.078102591893756198e+03 3.369972295971336851e-01
4.079102617051160451e+03 3.378976219334947073e-01
4.080102642208564248e+03 3.387914398844361075e-01
4.081102667365968500e+03 3.396787333957984045e-01
4.082102692523372752e+03 3.405595466995952059e-01
4.083102717680776095e+03 3.414339229799207565e-01
4.084102742838180347e+03 3.423019054208718548e-01
4.085102767995584600e+03 3.431635372065425238e-01
4.086102793152988397e+03 3.440188615210276746e-01
4.087102818310392649e+03 3.448679215484231064e-01
4.088102843467796447e+03 3.457107604728231198e-01
4.089102868625200244e+03 3.465474214783231810e-01
4.090102893782604951e+03 3.473779477490191447e-01
4.091102918940009204e+03 3.482023824690049785e-01
4.092102944097413001e+03 3.490207688223757598e-01
4.093102969254816799e+03 3.498331499932268995e-01
4.094102994412221051e+03 3.506395691656539193e-01
4.095103019569625303e+03 3.514400695237515082e-01
4.096103044727029555e+03 3.522346942516147994e-01
4.097103069884433353e+03 3.530234865333384264e-01
4.098103095041837150e+03 3.538064895530178000e-01
4.099103120199240948e+03 3.545837464947481643e-01
4.100103145356645655e+03 3.553553005426251521e-01
4.101103170514049452e+03 3.561211948807425642e-01
4.102103195671454159e+03 3.568814726931967551e-01
4.103103220828857957e+03 3.576361771640815812e-01
4.104103245986260845e+03 3.583853514774920090e-01
4.105103271143665552e+03 3.591290388175252257e-01
4.106103296301070259e+03 3.598672823682748656e-01
4.107103321458474056e+03 3.606001253138354512e-01
4.108103346615877854e+03 3.613276108383027263e-01
4.109103371773282561e+03 3.620497821257723792e-01
4.110103396930686358e+03 3.627666823603382107e-01
4.111103422088090156e+03 3.634783547260959091e-01
4.112103447245493953e+03 3.641848424071406631e-01
4.113103472402897751e+03 3.648861885875674949e-01
4.114103497560302458e+03 3.655824364514720370e-01
4.115103522717706255e+03 3.662736291829482571e-01
4.116103547875110053e+03 3.669598099660918433e-01
4.117103573032514760e+03 3.676410219849984840e-01
4.118103598189918557e+03 3.683173084237619244e-01
4.119103623347323264e+03 3.689887124664785745e-01
4.120103648504727062e+03 3.696552772972422907e-01
4.121103673662130859e+03 3.703170461001488167e-01
4.122103698819534657e+03 3.709740620592931193e-01
4.123103723976939364e+03 3.716263683587709421e-01
4.124103749134343161e+03 3.722740081826761971e-01
4.125103774291746959e+03 3.729170247151045725e-01
4.126103799449150756e+03 3.735554611401510905e-01
4.127103824606555463e+03 3.741893606419113838e-01
4.128103849763959261e+03 3.748187664044794754e-01
4.129103874921363058e+03 3.754437216119509979e-01
4.130103900078766856e+03 3.760642694468160907e-01
4.131103925236170653e+03 3.766804511729640037e-01
4.132103950393575360e+03 3.772923024180286911e-01
4.133103975550979158e+03 3.778998577799149716e-01
4.134104000708383865e+03 3.785031518565299957e-01
4.135104025865787662e+03 3.791022192457785822e-01
4.136104051023191460e+03 3.796970945455671598e-01
4.137104076180596167e+03 3.802878123538023791e-01
4.138104101337999055e+03 3.808744072683883375e-01
4.139104126495403762e+03 3.814569138872332954e-01
4.140104151652807559e+03 3.820353668082415166e-01
4.141104176810212266e+03 3.826098006293199849e-01
4.142104201967615154e+03 3.831802499483732416e-01
4.143104227125019861e+03 3.837467493633091031e-01
4.144104252282424568e+03 3.843093334720325549e-01
4.145104277439827456e+03 3.848680368724485823e-01
4.146104302597232163e+03 3.854228941624650573e-01
4.147104327754635960e+03 3.859739399399865767e-01
4.148104352912039758e+03 3.865212088029194026e-01
4.149104378069444465e+03 3.870647353491701304e-01
4.150104403226848262e+03 3.876045541766435787e-01
4.151104428384252060e+03 3.881406998832462873e-01
4.152104453541656767e+03 3.886732070668846295e-01
4.153104478699060564e+03 3.892021103254636460e-01
4.154104503856464362e+03 3.897274442568896546e-01
4.155104529013868159e+03 3.902492434590687509e-01
4.156104554171272866e+03 3.907675425299072525e-01
4.157104579328676664e+03 3.912823760673102003e-01
4.158104604486080461e+03 3.917937786691839674e-01
4.159104629643485168e+03 3.923017849334350937e-01
4.160104654800888966e+03 3.928064294579683979e-01
4.161104679958293673e+03 3.933077468406908084e-01
4.162104705115697470e+03 3.938057716795074770e-01
4.163104730273101268e+03 3.943005385723247214e-01
4.164104755430505975e+03 3.947920821170489147e-01
4.165104780587909772e+03 3.952804369115850980e-01
4.166104805745313570e+03 3.957656375538396998e-01
4.167104830902717367e+03 3.962477186417187047e-01
4.168104856060121165e+03 3.967267147731279864e-01
4.169104881217525872e+03 3.972026605459740289e-01
4.170104906374929669e+03 3.976755905581618178e-01
4.171104931532333467e+03 3.981455394075976706e-01
4.172104956689737264e+03 3.986125416921876830e-01
4.173104981847141971e+03 3.990766320098381725e-01
4.174105007004545769e+03 3.995378449584541802e-01
4.175105032161950476e+03 3.999962151359425233e-01
4.176105057319354273e+03 4.004517771402083537e-01
4.177105082476758071e+03 4.009045655691579890e-01
4.178105107634161868e+03 4.013546150206974694e-01
4.179105132791566575e+03 4.018019600927329460e-01
4.180105157948970373e+03 4.022466353822090057e-01
4.181105183106374170e+03 4.026886743745990982e-01
4.182105208263777968e+03 4.031281073021911743e-01
4.183105233421182675e+03 4.035649638052069554e-01
4.184105258578586472e+03 4.039992735238669419e-01
4.185105283735990270e+03 4.044310660983926886e-01
4.186105308893394067e+03 4.048603711690055840e-01
4.187105334050798774e+03 4.052872183759271829e-01
4.188105359208202572e+03 4.057116373593780412e-01
4.189105384365606369e+03 4.061336577595798247e-01
4.190105409523011076e+03 4.065533092167540330e-01
4.191105434680414874e+03 4.069706213711213327e-01
4.192105459837818671e+03 4.073856238629032789e-01
4.193105484995223378e+03 4.077983463323215929e-01
4.194105510152627176e+03 4.082088184195966640e-01
4.195105535310030973e+03 4.086170697649503247e-01
4.196105560467434771e+03 4.090231300086035193e-01
4.197105585624838568e+03 4.094270287907778583e-01
4.198105610782243275e+03 4.098287957516947855e-01
4.199105635939647073e+03 4.102284605315749122e-01
4.200105661097051780e+03 4.106260527706401819e-01
4.201105686254455577e+03 4.110216021091111505e-01
4.202105711411859374e+03 4.114151381872093727e-01
4.203105736569263172e+03 4.118066906451562370e-01
4.204105761726667879e+03 4.121962891231732429e-01
4.205105786884071676e+03 4.125839632614810570e-01
4.206105812041475474e+03 4.129697427003012900e-01
4.207105837198880181e+03 4.133536570798554410e-01
4.208105862356283978e+03 4.137357360403641215e-01
4.209105887513687776e+03 4.141160092220489974e-01
4.210105912671092483e+03 4.144945062651316792e-01
4.211105937828496280e+03 4.148712568098326670e-01
4.212105962985900078e+03 4.152462904963736268e-01
4.213105988143303875e+03 4.156196369649758915e-01
4.214106013300708582e+03 4.159913258558609050e-01
4.215106038458112380e+03 4.163613868092493342e-01
4.216106063615516177e+03 4.167298494653628449e-01
4.217106088772919975e+03 4.170967434644224925e-01
4.218106113930324682e+03 4.174620984466501650e-01
4.219106139087728479e+03 4.178259440522663071e-01
4.220106164245132277e+03 4.181883099214924737e-01
4.221106189402536984e+03 4.185492256945503309e-01
4.222106214559940781e+03 4.189087210116604898e-01
4.223106239717345488e+03 4.192668255130447830e-01
4.224106264874749286e+03 4.196235688389238772e-01
4.225106290032152174e+03 4.199789806295191052e-01
4.226106315189556881e+03 4.203330905250526328e-01
4.227106340346960678e+03 4.206859281657447380e-01
4.228106365504365385e+03 4.210375231918173644e-01
4.229106390661769183e+03 4.213879052434910677e-01
4.230106415819172980e+03 4.217371039560898205e-01
4.231106440976576778e+03 4.220851434794924972e-01
4.232106466133981485e+03 4.224320319670001878e-01
4.233106491291385282e+03 4.227777746717764074e-01
4.234106516448789989e+03 4.231223768469857260e-01
4.235106541606192877e+03 4.234658437457914926e-01
4.236106566763597584e+03 4.238081806213589986e-01
4.237106591921001382e+03 4.241493927268512598e-01
4.238106617078406089e+03 4.244894853154331793e-01
4.239106642235808977e+03 4.248284636402678838e-01
4.240106667393213684e+03 4.251663329545205539e-01
4.241106692550617481e+03 4.255030985113545938e-01
4.242106717708022188e+03 4.258387655639344627e-01
4.243106742865425986e+03 4.261733393654239532e-01
4.244106768022829783e+03 4.265068251689872469e-01
4.245106793180234490e+03 4.268392282277886918e-01
4.246106818337638288e+03 4.271705537949919140e-01
4.247106843495042085e+03 4.275008071237613727e-01
4.248106868652446792e+03 4.278299934672612492e-01
4.249106893809850590e+03 4.281581180786552254e-01
4.250106918967254387e+03 4.284851862111076493e-01
4.251106944124658185e+03 4.288112031177825911e-01
4.252106969282061982e+03 4.291361740518440659e-01
4.253106994439466689e+03 4.294601042664566437e-01
4.254107019596870487e+03 4.297829990147836732e-01
4.255107044754275194e+03 4.301048635499900019e-01
4.256107069911678991e+03 4.304257031252389787e-01
4.257107095069082789e+03 4.307455229936950070e-01
4.258107120226486586e+03 4.310643284085223237e-01
4.259107145383890384e+03 4.313821246228848882e-01
4.260107170541295091e+03 4.316989168899471041e-01
4.261107195698698888e+03 4.320147104628725976e-01
4.262107220856102686e+03 4.323295105948256056e-01
4.263107246013507392e+03 4.326433225389705872e-01
4.264107271170911190e+03 4.329561515484710577e-01
4.265107296328314987e+03 4.332680028764914204e-01
4.266107321485719694e+03 4.335788817761960234e-01
4.267107346643122582e+03 4.338887935007481045e-01
4.268107371800527289e+03 4.341977433033129552e-01
4.269107396957931087e+03 4.345057364370537023e-01
4.270107422115335794e+03 4.348127781551351378e-01
4.271107447272739591e+03 4.351188737107207216e-01
4.272107472430143389e+03 4.354240283569748016e-01
4.273107497587548096e+03 4.357282473470618922e-01
4.274107522744951893e+03 4.360315359341453978e-01
4.275107547902356600e+03 4.363338993713899994e-01
4.276107573059759488e+03 4.366353429119589902e-01
4.277107598217164195e+03 4.369358718090176064e-01
4.278107623374567993e+03 4.372354913157289191e-01
4.279107648531971790e+03 4.375342066852575540e-01
4.280107673689375588e+03 4.378320231721194444e-01
4.281107698846780295e+03 4.381289474974149334e-01
4.282107724004184092e+03 4.384249906434055655e-01
4.283107749161587890e+03 4.387201643619233482e-01
4.284107774318992597e+03 4.390144804048005112e-01
4.285107799476396394e+03 4.393079505238685067e-01
4.286107824633800192e+03 4.396005864709595645e-01
4.287107849791204899e+03 4.398923999979058586e-01
4.288107874948608696e+03 4.401834028565387302e-01
4.289107900106012494e+03 4.404736067986904646e-01
4.290107925263417201e+03 4.407630235761932358e-01
4.291107950420820089e+03 4.410516649408782186e-01
4.292107975578224796e+03 4.413395426445783087e-01
4.293108000735628593e+03 4.416266684391246811e-01
4.294108025893033300e+03 4.419130540763499537e-01
4.295108051050437098e+03 4.421987113080853016e-01
4.296108076207840895e+03 4.424836518861631207e-01
4.297108101365245602e+03 4.427678875624154187e-01
4.298108126522649400e+03 4.430514300886737589e-01
4.299108151680053197e+03 4.433342912167703154e-01
4.300108176837457904e+03 4.436164826985372622e-01
4.301108201994860792e+03 4.438980162858057743e-01
4.302108227152265499e+03 4.441789037304087473e-01
4.303108252309669297e+03 4.444591567841773561e-01
4.304108277467073094e+03 4.447387871989438857e-01
4.305108302624477801e+03 4.450178067265405102e-01
4.306108327781881599e+03 4.452962271187986265e-01
4.307108352939285396e+03 4.455740601275503532e-01
4.308108378096690103e+03 4.458513175046279753e-01
4.309108403254093901e+03 4.461280110018629452e-01
4.310108428411497698e+03 4.464041523710873816e-01
4.311108453568901496e+03 4.466797533641332363e-01
4.312108478726306203e+03 4.469548257328326279e-01
4.313108503883710000e+03 4.472293812290171200e-01
4.314108529041114707e+03 4.475034316045191085e-01
4.315108554198518505e+03 4.477769886111699904e-01
4.316108579355922302e+03 4.480500640008019952e-01
4.317108604513326100e+03 4.483226695252470195e-01
4.318108629670730807e+03 4.485948169363372373e-01
4.319108654828134604e+03 4.488665179859041565e-01
4.320108679985538402e+03 4.491377844257798957e-01
4.321108705142942199e+03 4.494086280077964624e-01
4.322108730300346906e+03 4.496790604837859195e-01
4.323108755457750703e+03 4.499490936055797752e-01
4.324108780615154501e+03 4.502187391250103143e-01
4.325108805772558298e+03 4.504880087939093225e-01
4.326108830929963005e+03 4.507569143641090847e-01
4.327108856087366803e+03 4.510254675874408870e-01
4.328108881244770600e+03 4.512936802157370697e-01
4.329108906402175307e+03 4.515615640008298071e-01
4.330108931559579105e+03 4.518291306890337422e-01
4.331108956716982902e+03 4.520963862282406098e-01
4.332108981874386700e+03 4.523633197807094830e-01
4.333109007031790497e+03 4.526299174888466781e-01
4.334109032189195204e+03 4.528961654950588445e-01
4.335109057346599002e+03 4.531620499417519654e-01
4.336109082504002799e+03 4.534275569713324683e-01
4.337109107661407506e+03 4.536926727262071135e-01
4.338109132818811304e+03 4.539573833487817733e-01
4.339109157976216011e+03 4.542216749814632637e-01
4.340109183133619808e+03 4.544855337666574013e-01
4.341109208291023606e+03 4.547489458467707801e-01
4.342109233448428313e+03 4.550118973642102160e-01
4.343109258605832110e+03 4.552743744613814703e-01
4.344109283763235908e+03 4.555363632806910257e-01
4.345109308920639705e+03 4.557978499645453652e-01
4.346109334078044412e+03 4.560588206553511936e-01
4.347109359235448210e+03 4.563192614955142168e-01
4.348109384392852007e+03 4.565791586274411951e-01
4.349109409550255805e+03 4.568384981935383338e-01
4.350109434707660512e+03 4.570972663362123378e-01
4.351109459865064309e+03 4.573554491978691350e-01
4.352109485022468107e+03 4.576130329209152636e-01
4.353109510179872814e+03 4.578700036477573176e-01
4.354109535337276611e+03 4.581263475208012248e-01
4.355109560494680409e+03 4.583820506824535235e-01
4.356109585652085116e+03 4.586370992751209741e-01
4.357109610809488913e+03 4.588914794412092824e-01
4.358109635966892711e+03 4.591451773231250977e-01
4.359109661124297418e+03 4.593981790632751805e-01
4.360109686281700306e+03 4.596504708040650145e-01
4.361109711439105013e+03 4.599020386879019151e-01
4.362109736596508810e+03 4.601528688571916437e-01
4.363109761753913517e+03 4.604029474543409606e-01
4.364109786911317315e+03 4.606522606217557381e-01
4.365109812068721112e+03 4.609007945018427366e-01
4.366109837226125819e+03 4.611485352370083279e-01
4.367109862383529617e+03 4.613954689696586065e-01
4.368109887540933414e+03 4.616415818422000550e-01
4.369109912698337212e+03 4.618868599970390454e-01
4.370109937855741919e+03 4.621312895765822271e-01
4.371109963013145716e+03 4.623748567232354723e-01
4.372109988170549514e+03 4.626175475794054859e-01
4.373110013327953311e+03 4.628593482874984733e-01
4.374110038485357109e+03 4.631002449899207507e-01
4.375110063642761816e+03 4.633402238290791897e-01
4.376110088800165613e+03 4.635792709473795514e-01
4.377110113957570320e+03 4.638173724872285408e-01
4.378110139114973208e+03 4.640545145910319746e-01
4.379110164272377915e+03 4.642906834011970574e-01
4.380110189429782622e+03 4.645258650611849283e-01
4.381110214587186420e+03 4.647600467894200116e-01
4.382110239744590217e+03 4.649932189048065490e-01
4.383110264901994924e+03 4.652253722819023052e-01
4.384110290059398721e+03 4.654564977952644345e-01
4.385110315216802519e+03 4.656865863194507571e-01
4.386110340374206316e+03 4.659156287290187604e-01
4.387110365531611023e+03 4.661436158985262646e-01
4.388110390689014821e+03 4.663705387025304794e-01
4.389110415846418618e+03 4.665963880155890586e-01
4.390110441003823325e+03 4.668211547122597671e-01
4.391110466161227123e+03 4.670448296670999810e-01
4.392110491318630920e+03 4.672674037546671877e-01
4.393110516476035627e+03 4.674888678495192629e-01
4.394110541633439425e+03 4.677092128262134718e-01
4.395110566790843222e+03 4.679284295593075238e-01
4.396110591948247020e+03 4.681465089233588506e-01
4.397110617105650817e+03 4.683634417929251614e-01
4.398110642263055524e+03 4.685792190425641657e-01
4.399110667420459322e+03 4.687938315468329620e-01
4.400110692577863119e+03 4.690072701802895927e-01
4.401110717735267826e+03 4.692195258174914896e-01
4.402110742892671624e+03 4.694305893329959734e-01
4.403110768050075421e+03 4.696404516013608088e-01
4.404110793207479219e+03 4.698491034971435942e-01
4.405110818364883016e+03 4.700565358949018169e-01
4.406110843522287723e+03 4.702627396691932415e-01
4.407110868679691521e+03 4.704677056945750779e-01
4.408110893837096228e+03 4.706714248456053129e-01
4.409110918994500025e+03 4.708738879968409896e-01
4.410110944151903823e+03 4.710750860228400949e-01
4.411110969309308530e+03 4.712750097981602271e-01
4.412110994466712327e+03 4.714736501973585403e-01
4.413111019624116125e+03 4.716709980949928549e-01
4.414111044781519922e+03 4.718670443656207691e-01
4.415111069938924629e+03 4.720617798837999923e-01
4.416111095096328427e+03 4.722551955240876786e-01
4.417111120253732224e+03 4.724472821610416484e-01
4.418111145411136022e+03 4.726380306692193889e-01
4.419111170568540729e+03 4.728274319231787759e-01
4.420111195725944526e+03 4.730154767974769081e-01
4.421111220883348324e+03 4.732021561666715503e-01
4.422111246040752121e+03 4.733874609053202454e-01
4.423111271198156828e+03 4.735713818879808135e-01
4.424111296355560626e+03 4.737539099892104644e-01
4.425111321512964423e+03 4.739350360835668519e-01
4.426111346670368221e+03 4.741147510456075187e-01
4.427111371827772928e+03 4.742930457498903407e-01
4.428111396985176725e+03 4.744699110709724721e-01
4.429111422142580523e+03 4.746453378834116776e-01
4.430111447299984320e+03 4.748193170699508969e-01
4.431111472457389937e+03 4.749918476001490086e-01
4.432111497614792825e+03 4.751629516827551858e-01
4.433111522772197532e+03 4.753326556753222909e-01
4.434111547929601329e+03 4.755009859354019652e-01
4.435111573087006036e+03 4.756679688205461831e-01
4.436111598244408924e+03 4.758336306883067524e-01
4.437111623401813631e+03 4.759979978962362579e-01
4.438111648559217429e+03 4.761610968018861190e-01
4.439111673716621226e+03 4.763229537628085319e-01
4.440111698874025933e+03 4.764835951365556932e-01
4.441111724031429731e+03 4.766430472806792440e-01
4.442111749188834438e+03 4.768013365527314917e-01
4.443111774346237326e+03 4.769584893102638556e-01
4.444111799503642033e+03 4.771145319108291427e-01
4.445111824661045830e+03 4.772694907119788277e-01
4.446111849818449627e+03 4.774233920712648849e-01
4.447111874975854334e+03 4.775762623462396217e-01
4.448111900133258132e+03 4.777281278944547349e-01
4.449111925290662839e+03 4.778790150734625319e-01
4.450111950448065727e+03 4.780289502408144320e-01
4.451111975605470434e+03 4.781779597540630755e-01
4.452112000762874231e+03 4.783260699707601038e-01
4.453112025920278029e+03 4.784733072484575467e-01
4.454112051077681826e+03 4.786196979447074340e-01
4.455112076235086533e+03 4.787652684170619066e-01
4.456112101392490331e+03 4.789100450230727168e-01
4.457112126549895038e+03 4.790540541202920055e-01
4.458112151707298835e+03 4.791973220662715804e-01
4.459112176864702633e+03 4.793398752185635825e-01
4.460112202022107340e+03 4.794817399347202080e-01
4.461112227179511137e+03 4.796229425722929873e-01
4.462112252336915844e+03 4.797635094888342833e-01
4.463112277494318732e+03 4.799034670418957371e-01
4.464112302651722530e+03 4.800428415890297118e-01
4.465112327809127237e+03 4.801816594877880706e-01
4.466112352966531034e+03 4.803199470957227324e-01
4.467112378123935741e+03 4.804577307703858380e-01
4.468112403281339539e+03 4.805950368693292507e-01
4.469112428438744246e+03 4.807318917501050559e-01
4.470112453596147134e+03 4.808683217702648949e-01
4.471112478753551841e+03 4.810043532873612970e-01
4.472112503910955638e+03 4.811400126589459592e-01
4.473112529068359436e+03 4.812753262425709111e-01
4.474112554225764143e+03 4.814103203957881827e-01
4.475112579383167940e+03 4.815450214761498038e-01
4.476112604540571738e+03 4.816794558412075267e-01
4.477112629697975535e+03 4.818136498485136032e-01
4.478112654855379333e+03 4.819476298556199523e-01
4.479112680012784040e+03 4.820814222200786592e-01
4.480112705170187837e+03 4.822150532999537886e-01
4.481112730327592544e+03 4.823485499442509705e-01
4.482112755484996342e+03 4.824819404076413076e-01
4.483112780642400139e+03 4.826152531947785485e-01
4.484112805799804846e+03 4.827485168103163859e-01
4.485112830957208644e+03 4.828817597589082355e-01
4.486112856114612441e+03 4.830150105452078457e-01
4.487112881272016239e+03 4.831482976738689650e-01
4.488112906429420946e+03 4.832816496495451752e-01
4.489112931586824743e+03 4.834150949768899475e-01
4.490112956744228541e+03 4.835486621605570301e-01
4.491112981901633248e+03 4.836823797052001717e-01
4.492113007059037045e+03 4.838162761154727320e-01
4.493113032216440843e+03 4.839503798960285708e-01
4.494113057373845550e+03 4.840847195515213808e-01
4.495113082531249347e+03 4.842193235866045775e-01
4.496113107688653145e+03 4.843542205059317984e-01
4.497113132846056942e+03 4.844894388141567920e-01
4.498113158003461649e+03 4.846250070159333068e-01
4.499113183160865447e+03 4.847609536159147026e-01
4.500113208318269244e+03 4.848973071187547279e-01
4.501113233475673042e+03 4.850340960291070203e-01
4.502113258633077749e+03 4.851713488516253281e-01
4.503113283790481546e+03 4.853090940909631223e-01
4.504113308947885344e+03 4.854473602517740405e-01
4.505113334105290051e+03 4.855861758387119420e-01
4.506113359262693848e+03 4.857255693564301868e-01
4.507113384420097645e+03 4.858655693095824124e-01
4.508113409577501443e+03 4.860062042028224227e-01
4.509113434734906150e+03 4.861475025408039108e-01
4.510113459892309947e+03 4.862894928281802365e-01
4.511113485049713745e+03 4.864322035696050928e-01
4.512113510207118452e+03 4.865756632697323947e-01
4.513113535364522249e+03 4.867199004332155021e-01
4.514113560521926047e+03 4.868649435647079970e-01
4.515113585679329844e+03 4.870108211688636835e-01
4.516113610836733642e+03 4.871575617503362543e-01
4.517113635994138349e+03 4.873051938137792916e-01
4.518113661151543056e+03 4.874537458638463217e-01
4.519113686308946853e+03 4.876032464051909265e-01
4.520113711466350651e+03 4.877537239424668547e-01
4.521113736623754448e+03 4.879052069803277991e-01
4.522113761781158246e+03 4.880577240234271752e-01
4.523113786938562043e+03 4.882113035764188425e-01
4.524113812095966750e+03 4.883659741439564939e-01
4.525113837253370548e+03 4.885217642306934338e-01
4.526113862410774345e+03 4.886787023412835773e-01
4.527113887568179052e+03 4.888368169803805618e-01
4.528113912725583759e+03 4.889961366526379138e-01
4.529113937882987557e+03 4.891566898627092153e-01
4.530113963040391354e+03 4.893185051008249187e-01
4.531113988197795152e+03 4.894815974436142469e-01
4.532114013355198949e+03 4.896459437021557504e-01
4.533114038512603656e+03 4.898115139086154923e-01
4.534114063670007454e+03 4.899782780951589811e-01
4.535114088827411251e+03 4.901462062939521136e-01
4.536114113984815049e+03 4.903152685371607866e-01
4.537114139142218846e+03 4.904854348569507305e-01
4.538114164299623553e+03 4.906566752854880087e-01
4.539114189457027351e+03 4.908289598549380739e-01
4.540114214614431148e+03 4.910022585974668785e-01
4.541114239771835855e+03 4.911765415452404859e-01
4.542114264929239653e+03 4.913517787304243489e-01
4.543114290086643450e+03 4.915279401851843644e-01
4.544114315244048157e+03 4.917049959416865401e-01
4.545114340401452864e+03 4.918829160320966620e-01
4.546114365558855752e+03 4.920616704885800718e-01
4.547114390716260459e+03 4.922412293433032771e-01
4.548114415873664257e+03 4.924215626284316749e-01
4.549114441031068054e+03 4.926026403761311068e-01
4.550114466188471852e+03 4.927844326185674695e-01
4.551114491345876559e+03 4.929669093879067709e-01
4.552114516503280356e+03 4.931500407163144639e-01
4.553114541660685063e+03 4.933337966359567228e-01
4.554114566818088861e+03 4.935181471789990004e-01
4.555114591975492658e+03 4.937030623776072491e-01
4.556114617132896456e+03 4.938885122639473102e-01
4.557114642290301163e+03 4.940744668701852471e-01
4.558114667447704960e+03 4.942608962284864016e-01
4.559114692605108758e+03 4.944477703710168370e-01
4.560114717762512555e+03 4.946350593299423948e-01
4.561114742919916353e+03 4.948227331374288607e-01
4.562114768077321060e+03 4.950107618256421316e-01
4.563114793234725767e+03 4.951991154267480488e-01
4.564114818392128655e+03 4.953877639729119542e-01
4.565114843549533362e+03 4.955766774963002996e-01
4.566114868706937159e+03 4.957658260290785379e-01
4.567114893864340956e+03 4.959551796034125104e-01
4.568114919021745663e+03 4.961447082514682250e-01
4.569114944179149461e+03 4.963343820054113009e-01
4.570114969336554168e+03 4.965241708974076906e-01
4.571114994493957056e+03 4.967140449596229024e-01
4.572115019651361763e+03 4.969039742242233326e-01
4.573115044808765560e+03 4.970939287233742121e-01
4.574115069966170267e+03 4.972838784892418262e-01
4.575115095123574065e+03 4.974737935539915723e-01
4.576115120280977862e+03 4.976636439497894582e-01
4.577115145438381660e+03 4.978533997088013252e-01
4.578115170595785457e+03 4.980430308631929037e-01
4.579115195753190164e+03 4.982325074451303126e-01
4.580115220910593962e+03 4.984217994871167901e-01
4.581115246067997759e+03 4.986108773267090011e-01
4.582115271225402466e+03 4.987997121685217583e-01
4.583115296382806264e+03 4.989882753701808671e-01
4.584115321540210061e+03 4.991765382893127989e-01
4.585115346697614768e+03 4.993644722835438032e-01
4.586115371855018566e+03 4.995520487104997964e-01
4.587115397012422363e+03 4.997392389278071945e-01
4.588115422169827070e+03 4.999260142930923578e-01
4.589115447327230868e+03 5.001123461639812584e-01
4.590115472484634665e+03 5.002982058981001456e-01
4.591115497642038463e+03 5.004835648530751024e-01
4.592115522799442260e+03 5.006683943865327668e-01
4.593115547956846967e+03 5.008526658560989997e-01
4.594115573114251674e+03 5.010363506194003280e-01
4.595115598271654562e+03 5.012194200340620576e-01
4.596115623429059269e+03 5.014018454577117145e-01
4.597115648586463067e+03 5.015835982479746047e-01
4.598115673743866864e+03 5.017646497624771440e-01
4.599115698901270662e+03 5.019449713588456374e-01
4.600115724058674459e+03 5.021245343947060569e-01
4.601115749216079166e+03 5.023033102276852624e-01
4.602115774373482964e+03 5.024812702154086708e-01
4.603115799530887671e+03 5.026583857155029200e-01
4.604115824688291468e+03 5.028346280855940931e-01
4.605115849845695266e+03 5.030099686833083839e-01
4.606115875003099973e+03 5.031843788662723194e-01
4.607115900160503770e+03 5.033578299921115384e-01
4.608115925317907568e+03 5.035302934184526791e-01
4.609115950475312275e+03 5.037017405029218242e-01
4.610115975632715163e+03 5.038721426031448347e-01
4.611116000790119870e+03 5.040414710767487927e-01
4.612116025947523667e+03 5.042096972813592259e-01
4.613116051104927465e+03 5.043767925746023284e-01
4.614116076262332172e+03 5.045427283141046271e-01
4.615116101419736879e+03 5.047074758574924269e-01
4.616116126577140676e+03 5.048710065623912557e-01
4.617116151734544474e+03 5.050332917864279736e-01
4.618116176891948271e+03 5.051943028872285524e-01
4.619116202049352069e+03 5.053540112224189640e-01
4.620116227206756776e+03 5.055123881496261795e-01
4.621116252364160573e+03 5.056694050264757267e-01
4.622116277521564371e+03 5.058250332105937996e-01
4.623116302678968168e+03 5.059792440596070362e-01
4.624116327836371966e+03 5.061320089311412973e-01
4.625116352993776673e+03 5.062832991828228879e-01
4.626116378151181380e+03 5.064330861722783350e-01
4.627116403308585177e+03 5.065813412571333885e-01
4.628116428465988974e+03 5.067280357950143532e-01
4.629116453623392772e+03 5.068731411435474232e-01
4.630116478780797479e+03 5.070166286718339466e-01
4.631116503938200367e+03 5.071584798091738344e-01
4.632116529095605074e+03 5.072987044748102914e-01
4.633116554253008871e+03 5.074373175962905158e-01
4.634116579410412669e+03 5.075743341011628162e-01
4.635116604567817376e+03 5.077097689169751682e-01
4.636116629725222083e+03 5.078436369712754361e-01
4.637116654882625880e+03 5.079759531916111515e-01
4.638116680040029678e+03 5.081067325055305117e-01
4.639116705197433475e+03 5.082359898405812704e-01
4.640116730354837273e+03 5.083637401243116249e-01
4.641116755512241980e+03 5.084899982842693289e-01
4.642116780669645777e+03 5.086147792480022467e-01
4.643116805827049575e+03 5.087380979430581318e-01
4.644116830984454282e+03 5.088599692969851818e-01
4.645116856141858079e+03 5.089804082373311500e-01
4.646116881299262786e+03 5.090994296916437900e-01
4.647116906456666584e+03 5.092170485874710772e-01
4.648116931614070381e+03 5.093332798523610982e-01
4.649116956771474179e+03 5.094481384138616065e-01
4.650116981928877976e+03 5.095616391995205774e-01
4.651117007086282683e+03 5.096737971368859865e-01
4.652117032243686481e+03 5.097846271535053653e-01
4.653117057401091188e+03 5.098941441769270222e-01
4.654117082558494985e+03 5.100023631346985997e-01
4.655117107715898783e+03 5.101092989543681844e-01
4.656117132873303490e+03 5.102149665634836406e-01
4.657117158030706378e+03 5.103193808895924999e-01
4.658117183188111085e+03 5.104225568602434038e-01
4.659117208345514882e+03 5.105245094029834396e-01
4.660117233502918680e+03 5.106252534453610270e-01
4.661117258660322477e+03 5.107248039149241414e-01
4.662117283817727184e+03 5.108231757392203143e-01
4.663117308975130982e+03 5.109203838457976321e-01
4.664117334132535689e+03 5.110164431622039594e-01
4.665117359289938577e+03 5.111113686159870495e-01
4.666117384447343284e+03 5.112051751346953221e-01
4.667117409604747081e+03 5.112978776458759755e-01
4.668117434762151788e+03 5.113894910770775404e-01
4.669117459919554676e+03 5.114800303558474370e-01
4.670117485076959383e+03 5.115695104097339740e-01
4.671117510234364090e+03 5.116579461662846828e-01
4.672117535391767888e+03 5.117453525530475389e-01
4.673117560549170776e+03 5.118317444975705177e-01
4.674117585706575483e+03 5.119171369274018168e-01
4.675117610863979280e+03 5.120015447700887457e-01
4.676117636021383987e+03 5.120849829531797237e-01
4.677117661178787785e+03 5.121674664042222824e-01
4.678117686336192492e+03 5.122490100507645083e-01
4.679117711493595380e+03 5.123296288203541549e-01
4.680117736651000087e+03 5.124093376410855383e-01
4.681117761808403884e+03 5.124881519062619573e-01
4.682117786965808591e+03 5.125660883218260411e-01
4.683117812123211479e+03 5.126431638235826593e-01
4.684117837280616186e+03 5.127193953473371257e-01
4.685117862438019984e+03 5.127947998288941989e-01
4.686117887595424691e+03 5.128693942040589704e-01
4.687117912752828488e+03 5.129431954086360879e-01
4.688117937910232286e+03 5.130162203784306429e-01
4.689117963067636992e+03 5.130884860492478383e-01
4.690117988225040790e+03 5.131600093568922105e-01
4.691118013382444587e+03 5.132308072371687402e-01
4.692118038539849294e+03 5.133008966258827410e-01
4.693118063697253092e+03 5.133702944588388606e-01
4.694118088854656889e+03 5.134390176718419685e-01
4.695118114012060687e+03 5.135070832006973784e-01
4.696118139169464484e+03 5.135745079812097380e-01
4.697118164326869191e+03 5.136413089491841388e-01
4.698118189484272989e+03 5.137075030404252285e-01
4.699118214641677696e+03 5.137731071907384317e-01
4.700118239799081493e+03 5.138381383359282850e-01
4.701118264956485291e+03 5.139026134117998801e-01
4.702118290113889088e+03 5.139665493541583086e-01
4.703118315271292886e+03 5.140299630988082180e-01
4.704118340428697593e+03 5.140928715815549221e-01
4.705118365586102300e+03 5.141552917382029575e-01
4.706118390743506097e+03 5.142172405045575267e-01
4.707118415900909895e+03 5.142787348164234995e-01
4.708118441058313692e+03 5.143397916096057454e-01
4.709118466215718399e+03 5.144004278199095781e-01
4.710118491373122197e+03 5.144606603831394231e-01
4.711118516530525994e+03 5.145205062351005942e-01
4.712118541687929792e+03 5.145799823115978500e-01
4.713118566845334499e+03 5.146391055484362820e-01
4.714118592002737387e+03 5.146978928814206489e-01
4.715118617160142094e+03 5.147563612463559313e-01
4.716118642317546801e+03 5.148145275790474429e-01
4.717118667474949689e+03 5.148724088152996092e-01
4.718118692632354396e+03 5.149300218909176330e-01
4.719118717789758193e+03 5.149873837417063838e-01
4.720118742947162900e+03 5.150445113034709532e-01
4.721118768104565788e+03 5.151014215120159889e-01
4.722118793261970495e+03 5.151581313031466935e-01
4.723118818419375202e+03 5.152146576126681587e-01
4.724118843576779000e+03 5.152710173763848100e-01
4.725118868734182797e+03 5.153272275301021832e-01
4.726118893891586595e+03 5.153833050096247037e-01
4.727118919048991302e+03 5.154392667507576853e-01
4.728118944206395099e+03 5.154951296893057755e-01
4.729118969363798897e+03 5.155509107610742880e-01
4.730118994521203604e+03 5.156066268981613909e-01
4.731119019678607401e+03 5.156622919649795911e-01
4.732119044836011199e+03 5.157179112016868627e-01
4.733119069993414996e+03 5.157734883440364682e-01
4.734119095150819703e+03 5.158290271277820027e-01
4.735119120308223501e+03 5.158845312886762846e-01
4.736119145465627298e+03 5.159400045624725761e-01
4.737119170623031096e+03 5.159954506849244726e-01
4.738119195780434893e+03 5.160508733917852364e-01
4.739119220937839600e+03 5.161062764188081298e-01
4.740119246095244307e+03 5.161616635017461929e-01
4.741119271252647195e+03 5.162170383763529102e-01
4.742119296410051902e+03 5.162724047783814330e-01
4.743119321567456609e+03 5.163277664435852454e-01
4.744119346724859497e+03 5.163831271077173879e-01
4.745119371882264204e+03 5.164384905065314557e-01
4.746119397039668002e+03 5.164938603757803781e-01
4.747119422197071799e+03 5.165492404512175284e-01
4.748119447354476506e+03 5.166046344685965019e-01
4.749119472511880304e+03 5.166600461636701169e-01
4.750119497669284101e+03 5.167154792721920797e-01
4.751119522826687898e+03 5.167709375299152086e-01
4.752119547984092605e+03 5.168264246725934319e-01
4.753119573141497312e+03 5.168819444359793458e-01
4.754119598298901110e+03 5.169375005558266567e-01
4.755119623456304907e+03 5.169930967678884048e-01
4.756119648613708705e+03 5.170487368079179635e-01
4.757119673771112502e+03 5.171044244116687061e-01
4.758119698928517209e+03 5.171601633148938948e-01
4.759119724085921007e+03 5.172159572533467919e-01
4.760119749243324804e+03 5.172718099627805488e-01
4.761119774400728602e+03 5.173277251789486497e-01
4.762119799558133309e+03 5.173837066376041349e-01
4.763119824715537106e+03 5.174397580745003777e-01
4.764119849872940904e+03 5.174958832253909735e-01
4.765119875030344701e+03 5.175520858260286294e-01
4.766119900187748499e+03 5.176083696121671629e-01
4.767119925345153206e+03 5.176647383195595031e-01
4.768119950502557003e+03 5.177211956839591345e-01
4.769119975659961710e+03 5.177777454411192082e-01
4.770120000817365508e+03 5.178343913267930976e-01
4.771120025974769305e+03 5.178911370767339539e-01
4.772120051132174012e+03 5.179479864266953726e-01
4.773120076289577810e+03 5.180049431124302828e-01
4.774120101446981607e+03 5.180620108696918358e-01
4.775120126604385405e+03 5.181191934342338490e-01
4.776120151761790112e+03 5.181764945418093626e-01
4.777120176919193909e+03 5.182339179281715280e-01
4.778120202076597707e+03 5.182914673290738294e-01
4.779120227234002414e+03 5.183491464802691961e-01
4.780120252391405302e+03 5.184069591183193548e-01
4.781120277548810009e+03 5.184649096298892257e-01
4.782120302706214716e+03 5.185230042226336433e-01
4.783120327863618513e+03 5.185812494206327727e-01
4.784120353021022311e+03 5.186396517479665569e-01
4.785120378178426108e+03 5.186982177287153828e-01
4.786120403335829906e+03 5.187569538869593044e-01
4.787120428493234613e+03 5.188158667467784868e-01
4.788120453650638410e+03 5.188749628322529839e-01
4.789120478808042208e+03 5.189342486674629606e-01
4.790120503965446915e+03 5.189937307764885821e-01
4.791120529122850712e+03 5.190534156834099022e-01
4.792120554280255419e+03 5.191133099123071970e-01
4.793120579437658307e+03 5.191734199872604094e-01
4.794120604595063014e+03 5.192337524323498155e-01
4.795120629752466812e+03 5.192943137716554691e-01
4.796120654909870609e+03 5.193551105292575354e-01
4.797120680067275316e+03 5.194161492292362903e-01
4.798120705224679114e+03 5.194774363956717877e-01
4.799120730382083821e+03 5.195389785526439708e-01
4.800120755539486709e+03 5.196007822242328933e-01
4.801120780696891416e+03 5.196628539345192754e-01
4.802120805854295213e+03 5.197252002075828381e-01
4.803120831011699920e+03 5.197878275675037463e-01
4.804120856169103718e+03 5.198507425383620539e-01
4.805120881326507515e+03 5.199139516442380371e-01
4.806120906483911313e+03 5.199774614092118608e-01
4.807120931641316020e+03 5.200412783573635789e-01
4.808120956798719817e+03 5.201054090127732454e-01
4.809120981956123615e+03 5.201698598995210254e-01
4.810121007113527412e+03 5.202346375416873059e-01
4.811121032270932119e+03 5.202997484633519187e-01
4.812121057428335916e+03 5.203651991885951400e-01
4.813121082585740623e+03 5.204309962414971347e-01
4.814121107743143511e+03 5.204971461461378457e-01
4.815121132900548218e+03 5.205636554265975491e-01
4.816121158057952016e+03 5.206305306069564098e-01
4.817121183215356723e+03 5.206977782112945929e-01
4.818121208372760520e+03 5.207654047636919303e-01
4.819121233530165227e+03 5.208334167882290311e-01
4.820121258687568115e+03 5.209018208089856161e-01
4.821121283844972822e+03 5.209706233500420725e-01
4.822121309002376620e+03 5.210398309354784541e-01
4.823121334159780417e+03 5.211094500893748149e-01
4.824121359317184215e+03 5.211794873358114311e-01
4.825121384474588012e+03 5.212499491988684674e-01
4.826121409631992719e+03 5.213208422026258670e-01
4.827121434789396517e+03 5.213921728711637948e-01
4.828121459946801224e+03 5.214639477285626379e-01
4.829121485104205021e+03 5.215361732989021171e-01
4.830121510261608819e+03 5.216088561025687964e-01
4.831121535419013526e+03 5.216819997702030198e-01
4.832121560576417323e+03 5.217555998675340589e-01
4.833121585733822030e+03 5.218296505642997518e-01
4.834121610891225828e+03 5.219041460302374924e-01
4.835121636048629625e+03 5.219790804350852298e-01
4.836121661206033423e+03 5.220544479485799139e-01
4.837121686363437220e+03 5.221302427404597157e-01
4.838121711520841927e+03 5.222064589804619184e-01
4.839121736678245725e+03 5.222830908383240267e-01
4.840121761835650432e+03 5.223601324837838789e-01
4.841121786993053320e+03 5.224375780865784247e-01
4.842121812150457117e+03 5.225154218164458353e-01
4.843121837307861824e+03 5.225936578431235047e-01
4.844121862465266531e+03 5.226722803363490488e-01
4.845121887622669419e+03 5.227512834658595287e-01
4.846121912780074126e+03 5.228306614013931153e-01
4.847121937937477924e+03 5.229104083126873137e-01
4.848121963094881721e+03 5.229905183694792958e-01
4.849121988252285519e+03 5.230709857415068997e-01
4.850122013409690226e+03 5.231518045985077414e-01
4.851122038567094933e+03 5.232329691102192148e-01
4.852122063724498730e+03 5.233144734463788250e-01
4.853122088881902528e+03 5.233963117767242990e-01
4.854122114039306325e+03 5.234784782709930306e-01
4.855122139196710123e+03 5.235609670989228581e-01
4.856122164354114830e+03 5.236437724302511754e-01
4.857122189511518627e+03 5.237268884347153763e-01
4.858122214668922425e+03 5.238103092820532991e-01
4.859122239826326222e+03 5.238940291420023376e-01
4.860122264983730020e+03 5.239780421842999969e-01
4.861122290141134727e+03 5.240623425786842260e-01
4.862122315298538524e+03 5.241469244948920858e-01
4.863122340455943231e+03 5.242317821026614144e-01
4.864122365613347029e+03 5.243169095717297168e-01
4.865122390770751736e+03 5.244023010718343869e-01
4.866122415928155533e+03 5.244879507727132628e-01
4.867122441085559331e+03 5.245738528441037385e-01
4.868122466242963128e+03 5.246600014557434299e-01
4.869122491400367835e+03 5.247463907773698422e-01
4.870122516557770723e+03 5.248330149787204801e-01
4.871122541715175430e+03 5.249198682295331819e-01
4.872122566872579227e+03 5.250069446995451194e-01
4.873122592029983934e+03 5.250942385584942418e-01
4.874122617187387732e+03 5.251817439761178319e-01
4.875122642344791529e+03 5.252694551221536168e-01
4.876122667502196236e+03 5.253573661663388794e-01
4.877122692659600034e+03 5.254454712784115689e-01
4.878122717817003831e+03 5.255337646281089681e-01
4.879122742974407629e+03 5.256222403851684710e-01
4.880122768131812336e+03 5.257108927218649974e-01
4.881122793289216133e+03 5.257997177408170186e-01
4.882122818446619931e+03 5.258887169123722671e-01
4.883122843604024638e+03 5.259778926324139015e-01
4.884122868761427526e+03 5.260672472968243030e-01
4.885122893918832233e+03 5.261567833014864082e-01
4.886122919076236030e+03 5.262465030422831536e-01
4.887122944233640737e+03 5.263364089150974756e-01
4.888122969391044535e+03 5.264265033158117557e-01
4.889122994548449242e+03 5.265167886403089303e-01
4.890123019705853039e+03 5.266072672844718250e-01
4.891123044863256837e+03 5.266979416441833761e-01
4.892123070020660634e+03 5.267888141153261872e-01
4.893123095178064432e+03 5.268798870937833057e-01
4.894123120335469139e+03 5.269711629754372240e-01
4.895123145492872936e+03 5.270626441561708786e-01
4.896123170650276734e+03 5.271543330318672060e-01
4.897123195807681441e+03 5.272462319984088097e-01
4.898123220965085238e+03 5.273383434516785151e-01
4.899123246122489036e+03 5.274306697875593697e-01
4.900123271279892833e+03 5.275232134019338659e-01
4.901123296437297540e+03 5.276159766906850512e-01
4.902123321594701338e+03 5.277089620496954181e-01
4.903123346752105135e+03 5.278021718748480140e-01
4.904123371909508933e+03 5.278956085620254424e-01
4.905123397066913640e+03 5.279892745071108617e-01
4.906123422224317437e+03 5.280831721059867645e-01
4.907123447381721235e+03 5.281773037545358651e-01
4.908123472539125942e+03 5.282716718486413221e-01
4.909123497696529739e+03 5.283662787841857389e-01
4.910123522853933537e+03 5.284611269570518299e-01
4.911123548011338244e+03 5.285562187631225317e-01
4.912123573168742041e+03 5.286515565982806697e-01
4.913123598326146748e+03 5.287471428584090694e-01
4.914123623483549636e+03 5.288429799393901121e-01
4.915123648640954343e+03 5.289390702371069564e-01
4.916123673798358141e+03 5.290354161474426498e-01
4.917123698955762848e+03 5.291320200662796847e-01
4.918123724113166645e+03 5.292288843895007755e-01
4.919123749270570443e+03 5.293260115129887478e-01
4.920123774427974240e+03 5.294234038326264269e-01
4.921123799585378038e+03 5.295210637442967494e-01
4.922123824742782745e+03 5.296189936438827628e-01
4.923123849900186542e+03 5.297171959272666264e-01
4.924123875057590340e+03 5.298156729903316098e-01
4.925123900214994137e+03 5.299144272289602053e-01
4.926123925372398844e+03 5.300134610390355716e-01
4.927123950529802642e+03 5.301127768164402010e-01
4.928123975687206439e+03 5.302123769570570300e-01
4.929124000844611146e+03 5.303122638567687730e-01
4.930124026002014944e+03 5.304124399064509277e-01
4.931124051159418741e+03 5.305129037892193367e-01
4.932124076316823448e+03 5.306136439155102469e-01
4.933124101474227245e+03 5.307146469313299697e-01
4.934124126631631043e+03 5.308158994826852606e-01
4.935124151789035750e+03 5.309173882155829860e-01
4.936124176946439547e+03 5.310190997760296794e-01
4.937124202103843345e+03 5.311210208100319852e-01
4.938124227261248052e+03 5.312231379635966588e-01
4.939124252418650940e+03 5.313254378827302338e-01
4.940124277576055647e+03 5.314279072134397985e-01
4.941124302733459444e+03 5.315305326017315535e-01
4.942124327890864151e+03 5.316333006936126981e-01
4.943124353048267039e+03 5.317361981350892108e-01
4.944124378205671746e+03 5.318392115721685132e-01
4.945124403363075544e+03 5.319423276508570275e-01
4.946124428520479341e+03 5.320455330171611763e-01
4.947124453677884048e+03 5.321488143170879370e-01
4.948124478835288755e+03 5.322521581966440651e-01
4.949124503992691643e+03 5.323555513018358720e-01
4.950124529150096350e+03 5.324589802786704462e-01
4.951124554307500148e+03 5.325624317731542101e-01
4.952124579464904855e+03 5.326658924312940302e-01
4.953124604622307743e+03 5.327693488990963289e-01
4.954124629779712450e+03 5.328727878225680836e-01
4.955124654937116247e+03 5.329761958477158279e-01
4.956124680094520954e+03 5.330795596205463172e-01
4.957124705251924752e+03 5.331828657870661958e-01
4.958124730409328549e+03 5.332861009932822194e-01
4.959124755566732347e+03 5.333892518852009212e-01
4.960124780724136144e+03 5.334923051088289458e-01
4.961124805881540851e+03 5.335952473101733817e-01
4.962124831038945558e+03 5.336980651352406513e-01
4.963124856196349356e+03 5.338007452300372879e-01
4.964124881353753153e+03 5.339032742405701581e-01
4.965124906511156951e+03 5.340056388128459064e-01
4.966124931668560748e+03 5.341078255928710661e-01
4.967124956825964546e+03 5.342098212266527257e-01
4.968124981983369253e+03 5.343116123601973078e-01
4.969125007140773050e+03 5.344131856395114566e-01
4.970125032298177757e+03 5.345145277106019277e-01
4.971125057455581555e+03 5.346156252194754765e-01
4.972125082612985352e+03 5.347164648121386366e-01
4.973125107770389150e+03 5.348170331345982742e-01
4.974125132927793857e+03 5.349173168328608119e-01
4.975125158085197654e+03 5.350173025529331161e-01
4.976125183242602361e+03 5.351169769408219423e-01
4.977125208400005249e+03 5.352163266425339350e-01
4.978125233557409956e+03 5.353153383040757385e-01
4.979125258714813754e+03 5.354139985714538863e-01
4.980125283872218461e+03 5.355122940944671006e-01
4.981125309029622258e+03 5.356102142554410861e-01
4.982125334187026965e+03 5.357077559798808508e-01
4.983125359344430763e+03 5.358049174838914741e-01
4.984125384501834560e+03 5.359016969835787014e-01
4.985125409659238358e+03 5.359980926950476121e-01
4.986125434816642155e+03 5.360941028344037296e-01
4.987125459974046862e+03 5.361897256177529103e-01
4.988125485131450660e+03 5.362849592611999006e-01
4.989125510288854457e+03 5.363798019808504458e-01
4.990125535446259164e+03 5.364742519928100695e-01
4.991125560603662962e+03 5.365683075131839619e-01
4.992125585761066759e+03 5.366619667580777575e-01
4.993125610918470556e+03 5.367552279435967577e-01
4.994125636075874354e+03 5.368480892858463749e-01
4.995125661233279061e+03 5.369405490009321325e-01
4.996125686390682858e+03 5.370326053049594428e-01
4.997125711548086656e+03 5.371242564140334963e-01
4.998125736705490453e+03 5.372155005442598164e-01
4.999125761862895160e+03 5.373063359117441484e-01
5.000125787020298958e+03 5.373967607325914608e-01
5.001125812177703665e+03 5.374867732229076100e-01
5.002125837335107462e+03 5.375763715987975644e-01
5.003125862492511260e+03 5.376655540763669583e-01
5.004125887649915967e+03 5.377543188717214262e-01
5.005125912807318855e+03 5.378426642009658254e-01
5.006125937964723562e+03 5.379305882802062344e-01
5.007125963122127359e+03 5.380180893255476215e-01
5.008125988279532066e+03 5.381051655530956213e-01
5.009126013436935864e+03 5.381918151789556459e-01
5.010126038594339661e+03 5.382780364192327749e-01
5.011126063751744368e+03 5.383638274900330867e-01
5.012126088909147256e+03 5.384491866074613275e-01
5.013126114066551963e+03 5.385341119876233540e-01
5.014126139223956670e+03 5.386186018466244674e-01
5.015126164381360468e+03 5.387026544005700801e-01
5.016126189538764265e+03 5.387862678655656046e-01
5.017126214696168063e+03 5.388694404577164532e-01
5.018126239853572770e+03 5.389521703931281493e-01
5.019126265010976567e+03 5.390344558879059944e-01
5.020126290168380365e+03 5.391162951581551788e-01
5.021126315325784162e+03 5.391976864199816699e-01
5.022126340483187960e+03 5.392786278894904362e-01
5.023126365640592667e+03 5.393591177827872229e-01
5.024126390797996464e+03 5.394391543159773317e-01
5.025126415955400262e+03 5.395187357051659527e-01
5.026126441112804969e+03 5.395978601664589425e-01
5.027126466270208766e+03 5.396765259159611583e-01
5.028126491427612564e+03 5.397547311697785677e-01
5.029126516585017271e+03 5.398324741440163610e-01
5.030126541742421068e+03 5.399097530477121598e-01
5.031126566899824866e+03 5.399865611310309399e-01
5.032126592057229573e+03 5.400628780048660760e-01
5.033126617214633370e+03 5.401386809555287494e-01
5.034126642372037168e+03 5.402139472693300304e-01
5.035126667529441875e+03 5.402886542325813224e-01
5.036126692686845672e+03 5.403627791315933626e-01
5.037126717844249470e+03 5.404362992526774434e-01
5.038126743001653267e+03 5.405091918821449681e-01
5.039126768159057065e+03 5.405814343063068961e-01
5.040126793316461772e+03 5.406530038114744086e-01
5.041126818473866479e+03 5.407238776839584649e-01
5.042126843631269367e+03 5.407940332100704683e-01
5.043126868788674074e+03 5.408634476761213783e-01
5.044126893946077871e+03 5.409320983684224871e-01
5.045126919103482578e+03 5.409999625732849760e-01
5.046126944260886376e+03 5.410670175770198043e-01
5.047126969418290173e+03 5.411332406659381533e-01
5.048126994575693971e+03 5.411986091263513154e-01
5.049127019733097768e+03 5.412631002445702499e-01
5.050127044890501566e+03 5.413266913069062491e-01
5.051127070047906273e+03 5.413893595996704944e-01
5.052127095205310070e+03 5.414510824091739449e-01
5.053127120362713868e+03 5.415118370217278931e-01
5.054127145520118574e+03 5.415716007236435203e-01
5.055127170677522372e+03 5.416303508012320078e-01
5.056127195834927079e+03 5.416880645408042039e-01
5.057127220992329967e+03 5.417447192286715119e-01
5.058127246149734674e+03 5.418002921511450021e-01
5.059127271307138471e+03 5.418547605945358558e-01
5.060127296464543178e+03 5.419081018451552545e-01
5.061127321621946976e+03 5.419602931893141573e-01
5.062127346779350773e+03 5.420113119133238566e-01
5.063127371936754571e+03 5.420611353034956448e-01
5.064127397094158368e+03 5.421097406461404811e-01
5.065127422251563075e+03 5.421571052275695468e-01
5.066127447408967782e+03 5.422032063340939123e-01
5.067127472566370670e+03 5.422480212520247589e-01
5.068127497723775377e+03 5.422915272676733789e-01
5.069127522881179175e+03 5.423337016673507316e-01
5.070127548038582972e+03 5.423745217373682204e-01
5.071127573195986770e+03 5.424139647640365824e-01
5.072127598353391477e+03 5.424520080336674432e-01
5.073127623510796184e+03 5.424886288325716510e-01
5.074127648668199072e+03 5.425238044470601650e-01
5.075127673825603779e+03 5.425575121634446107e-01
5.076127698983007576e+03 5.425897292680357253e-01
5.077127724140411374e+03 5.426204330471451343e-01
5.078127749297816081e+03 5.426496007870834637e-01
5.079127774455219878e+03 5.426772097741621170e-01
5.080127799612623676e+03 5.427032372947421246e-01
5.081127824770027473e+03 5.427276606693270944e-01
5.082127849927432180e+03 5.427504573119872333e-01
5.083127875084835978e+03 5.427716046526779303e-01
5.084127900242239775e+03 5.427910801213545744e-01
5.085127925399644482e+03 5.428088611479725545e-01
5.086127950557049189e+03 5.428249251624871485e-01
5.087127975714452077e+03 5.428392495948537455e-01
5.088128000871856784e+03 5.428518118750277344e-01
5.089128026029260582e+03 5.428625894329645041e-01
5.090128051186664379e+03 5.428715596986194436e-01
5.091128076344069086e+03 5.428787001019478309e-01
5.092128101501472884e+03 5.428839880729051659e-01
5.093128126658876681e+03 5.428874010414468376e-01
5.094128151816281388e+03 5.428889164375281240e-01
5.095128176973685186e+03 5.428885116911044140e-01
5.096128202131088983e+03 5.428861642321309855e-01
5.097128227288492781e+03 5.428818514905634496e-01
5.098128252445897488e+03 5.428755508963569731e-01
5.099128277603301285e+03 5.428672398794670562e-01
5.100128302760705083e+03 5.428568958698490876e-01
5.101128327918109790e+03 5.428444962974582344e-01
5.102128353075512678e+03 5.428300185922502186e-01
5.103128378232917385e+03 5.428134401841799850e-01
5.104128403390322092e+03 5.427947385032031447e-01
5.105128428547725889e+03 5.427738909792750865e-01
5.106128453705128777e+03 5.427508750423511996e-01
5.107128478862533484e+03 5.427256681223867618e-01
5.108128504019938191e+03 5.426982476493371621e-01
5.109128529177341079e+03 5.426685910531579005e-01
5.110128554334745786e+03 5.426366757638040328e-01
5.111128579492149584e+03 5.426024792112312811e-01
5.112128604649553381e+03 5.425659788253949234e-01
5.113128629806958088e+03 5.425271520362501265e-01
5.114128654964361886e+03 5.424859762737526125e-01
5.115128680121765683e+03 5.424424289678575484e-01
5.116128705279170390e+03 5.423964875485202120e-01
5.117128730436574187e+03 5.423481294456962143e-01
5.118128755593978894e+03 5.422973320893407223e-01
5.119128780751382692e+03 5.422440729094092360e-01
5.120128805908786489e+03 5.421883293358571443e-01
5.121128831066190287e+03 5.421300787986397252e-01
5.122128856223594084e+03 5.420692987277122565e-01
5.123128881380997882e+03 5.420059665530303494e-01
5.124128906538402589e+03 5.419400597045493928e-01
5.125128931695806386e+03 5.418715556122244426e-01
5.126128956853210184e+03 5.418004317060111097e-01
5.127128982010614891e+03 5.417266654158647832e-01
5.128129007168018688e+03 5.416502341717407409e-01
5.129129032325423395e+03 5.415711154035942609e-01
5.130129057482827193e+03 5.414892865847855674e-01
5.131129082640230990e+03 5.414047540795360325e-01
5.132129107797634788e+03 5.413176031395312560e-01
5.133129132955038585e+03 5.412279323575518442e-01
5.134129158112443292e+03 5.411358403263784034e-01
5.135129183269847090e+03 5.410414256387912069e-01
5.136129208427251797e+03 5.409447868875711940e-01
5.137129233584655594e+03 5.408460226654985270e-01
5.138129258742059392e+03 5.407452315653540342e-01
5.139129283899464099e+03 5.406425121799179889e-01
5.140129309056867896e+03 5.405379631019709974e-01
5.141129334214271694e+03 5.404316829242937770e-01
5.142129359371675491e+03 5.403237702396668229e-01
5.143129384529079289e+03 5.402143236408702975e-01
5.144129409686483086e+03 5.401034417206851401e-01
5.145129434843887793e+03 5.399912230718918460e-01
5.146129460001291591e+03 5.398777662872707994e-01
5.147129485158696298e+03 5.397631699596023847e-01
5.148129510316100095e+03 5.396475326816675411e-01
5.149129535473504802e+03 5.395309530462464309e-01
5.150129560630908600e+03 5.394135296461199935e-01
5.151129585788312397e+03 5.392953610740685022e-01
5.152129610945716195e+03 5.391765459228725632e-01
5.153129636103120902e+03 5.390571827853124498e-01
5.154129661260524699e+03 5.389373702541691014e-01
5.155129686417928497e+03 5.388172069222229021e-01
5.156129711575332294e+03 5.386967913822543474e-01
5.157129736732737001e+03 5.385762222270437105e-01
5.158129761890140799e+03 5.384555980493720417e-01
5.159129787047544596e+03 5.383350174420196144e-01
5.160129812204948394e+03 5.382145789977669237e-01
5.161129837362353101e+03 5.380943813093945760e-01
5.162129862519756898e+03 5.379745229696829556e-01
5.163129887677160696e+03 5.378551025714128908e-01
5.164129912834565403e+03 5.377362187073646549e-01
5.165129937991969200e+03 5.376179699703189652e-01
5.166129963149372998e+03 5.375004549530563169e-01
5.167129988306776795e+03 5.373837722483570944e-01
5.168130013464181502e+03 5.372680204490019040e-01
5.169130038621585300e+03 5.371532981477714630e-01
5.170130063778989097e+03 5.370397039374461556e-01
5.171130088936393804e+03 5.369273364108062552e-01
5.172130114093797602e+03 5.368162941606328120e-01
5.173130139251201399e+03 5.367066757797060994e-01
5.174130164408606106e+03 5.365985798608065016e-01
5.175130189566008994e+03 5.364921049967149580e-01
5.176130214723413701e+03 5.363873497802115198e-01
5.177130239880818408e+03 5.362844128040769043e-01
5.178130265038222205e+03 5.361833926610919399e-01
5.179130290195626003e+03 5.360843879440367887e-01
5.180130315353030710e+03 5.359874968827710306e-01
5.181130340510434507e+03 5.358925823197687732e-01
5.182130365667838305e+03 5.357988666970838754e-01
5.183130390825242102e+03 5.357054645748756672e-01
5.184130415982646809e+03 5.356114905133027015e-01
5.185130441140050607e+03 5.355160590725244196e-01
5.186130466297454404e+03 5.354182848126993743e-01
5.187130491454859111e+03 5.353172822939866737e-01
5.188130516612262909e+03 5.352121660765457589e-01
5.189130541769666706e+03 5.351020507205349608e-01
5.190130566927070504e+03 5.349860507861138315e-01
5.191130592084475211e+03 5.348632808334405908e-01
5.192130617241878099e+03 5.347328554226752351e-01
5.193130642399282806e+03 5.345938891139757621e-01
5.194130667556686603e+03 5.344454964675019459e-01
5.195130692714090401e+03 5.342867920434123397e-01
5.196130717871495108e+03 5.341168904018658292e-01
5.197130743028898905e+03 5.339349061030218557e-01
5.198130768186303612e+03 5.337399537070389721e-01
5.199130793343707410e+03 5.335311477740765085e-01
5.200130818501110298e+03 5.333076028642934618e-01
5.201130843658515005e+03 5.330684335378482741e-01
5.202130868815918802e+03 5.328127543549004974e-01
5.203130893973323509e+03 5.325396798756087957e-01
5.204130919130727307e+03 5.322483246601322771e-01
5.205130944288131104e+03 5.319378032686301605e-01
5.206130969445535811e+03 5.316072302612607769e-01
5.207130994602939609e+03 5.312557201981839006e-01
5.208131019760343406e+03 5.308823876395580843e-01
5.209131044917748113e+03 5.304863471455421031e-01
5.210131070075151911e+03 5.300667132762956202e-01
5.211131095232555708e+03 5.296226005919771884e-01
5.212131120389959506e+03 5.291531236527458049e-01
5.213131145547363303e+03 5.286573970187604665e-01
5.214131170704768010e+03 5.281345352501797263e-01
5.215131195862172717e+03 5.275836529071630254e-01
5.216131221019576515e+03 5.270038645498698049e-01
5.217131246176980312e+03 5.263942847384587287e-01
5.218131271334384110e+03 5.257540280330884608e-01
5.219131296491788817e+03 5.250822089939176651e-01
5.220131321649192614e+03 5.243779421811064489e-01
5.221131346806597321e+03 5.236403421548124770e-01
5.222131371964001119e+03 5.228685234751961897e-01
5.223131397121404916e+03 5.220616007024156957e-01
5.224131422278807804e+03 5.212186883966309914e-01
5.225131447436212511e+03 5.203389011179986312e-01
5.226131472593617218e+03 5.194213534266790555e-01
5.227131497751021016e+03 5.184651598828321495e-01
5.228131522908424813e+03 5.174694350466161330e-01
5.229131548065828611e+03 5.164332934781900031e-01
5.230131573223233318e+03 5.153558502510666717e-01
5.231131598380637115e+03 5.142365449673438338e-01
5.232131623538040913e+03 5.130756969464593809e-01
5.233131648695445620e+03 5.118737731303846239e-01
5.234131673852849417e+03 5.106312404610944267e-01
5.235131699010253215e+03 5.093485658805603222e-01
5.236131724167657012e+03 5.080262163307546208e-01
5.237131749325061719e+03 5.066646587536488555e-01
5.238131774482465516e+03 5.052643600912181121e-01
5.239131799639870223e+03 5.038257872854323693e-01
5.240131824797274021e+03 5.023494072782666020e-01
5.241131849954677818e+03 5.008356870116924542e-01
5.242131875112081616e+03 4.992850934276823471e-01
5.243131900269486323e+03 4.976980934682072033e-01
5.244131925426890120e+03 4.960751540752427191e-01
5.245131950584293008e+03 4.944167421907614268e-01
5.246131975741698625e+03 4.927233247567298080e-01
5.247132000899102422e+03 4.909953687151280555e-01
5.248132026056506220e+03 4.892333410079257039e-01
5.249132051213910017e+03 4.874377085770953966e-01
5.250132076371313815e+03 4.856089383646095547e-01
5.251132101528717612e+03 4.837474973124408217e-01
5.252132126686122319e+03 4.818538523625601200e-01
5.253132151843527026e+03 4.799284704569415916e-01
5.254132177000930824e+03 4.779718185375594897e-01
5.255132202158334621e+03 4.759843635463849032e-01
5.256132227315738419e+03 4.739665724253903090e-01
5.257132252473143126e+03 4.719189121165462408e-01
5.258132277630546923e+03 4.698418495618291169e-01
5.259132302787950721e+03 4.677358517032096930e-01
5.260132327945354518e+03 4.656013854826605014e-01
5.261132353102759225e+03 4.634389178421520761e-01
5.262132378260163023e+03 4.612489157236610016e-01
5.263132403417566820e+03 4.590318460691578673e-01
5.264132428574971527e+03 4.567881758206130960e-01
5.265132453732375325e+03 4.545183719200034389e-01
5.266132478889779122e+03 4.522229013092994854e-01
5.267132504047182920e+03 4.499022309304736567e-01
5.268132529204586717e+03 4.475568277254986516e-01
5.269132554361991424e+03 4.451871586363447819e-01
5.270132579519395222e+03 4.427936906049889654e-01
5.271132604676799019e+03 4.403768905734016248e-01
5.272132629834203726e+03 4.379372254835531275e-01
5.273132654991607524e+03 4.354751622774203912e-01
5.274132680149012231e+03 4.329911678969715627e-01
5.275132705306416028e+03 4.304857092841837263e-01
5.276132730463819826e+03 4.279592533810271937e-01
5.277132755621224533e+03 4.254122671294722768e-01
5.278132780778628330e+03 4.228452174714961154e-01
5.279132805936032128e+03 4.202585713490688546e-01
5.280132831093435925e+03 4.176527956949601661e-01
5.281132856250840632e+03 4.150283517697447855e-01
5.282132881408243520e+03 4.123856855138309796e-01
5.283132906565648227e+03 4.097252403067557780e-01
5.284132931723052025e+03 4.070474595280728636e-01
5.285132956880456732e+03 4.043527865573241509e-01
5.286132982037860529e+03 4.016416647740611578e-01
5.287133007195265236e+03 3.989145375578254660e-01
5.288133032352668124e+03 3.961718482881714243e-01
5.289133057510071922e+03 3.934140403446379497e-01
5.290133082667476629e+03 3.906415571067717307e-01
5.291133107824880426e+03 3.878548419541245074e-01
5.292133132982285133e+03 3.850543382662377501e-01
5.293133158139688931e+03 3.822404894226631988e-01
5.294133183297092728e+03 3.794137388029449887e-01
5.295133208454496526e+03 3.765745297866298080e-01
5.296133233611900323e+03 3.737233057532641789e-01
5.297133258769305030e+03 3.708605100823921252e-01
5.298133283926709737e+03 3.679865861535628890e-01
5.299133309084112625e+03 3.651019773463284324e-01
5.300133334241516422e+03 3.622071270402275056e-01
5.301133359398922039e+03 3.593024786148039662e-01
5.302133384556324927e+03 3.563884754496177698e-01
5.303133409713729634e+03 3.534655609242023377e-01
5.304133434871133431e+03 3.505341784181121856e-01
5.305133460028537229e+03 3.475947713108913928e-01
5.306133485185941936e+03 3.446477829820838168e-01
5.307133510343345733e+03 3.416936568112413641e-01
5.308133535500749531e+03 3.387328361779082253e-01
5.309133560658153328e+03 3.357657644616309223e-01
5.310133585815558035e+03 3.327928850419533680e-01
5.311133610972961833e+03 3.298146412984274689e-01
5.312133636130365630e+03 3.268314766105974711e-01
5.313133661287770337e+03 3.238438343580071210e-01
5.314133686445174135e+03 3.208521579202083807e-01
5.315133711602577932e+03 3.178568906767453295e-01
5.316133736759982639e+03 3.148584760071617694e-01
5.317133761917386437e+03 3.118573572910098846e-01
5.318133787074789325e+03 3.088539779078363079e-01
5.319133812232194032e+03 3.058487812371792902e-01
5.320133837389597829e+03 3.028422106585939022e-01
5.321133862547002536e+03 2.998347095516211702e-01
5.322133887704407243e+03 2.968267212958105583e-01
5.323133912861810131e+03 2.938186892707140840e-01
5.324133938019214838e+03 2.908110568558675557e-01
5.325133963176619545e+03 2.878042674308228244e-01
5.326133988334022433e+03 2.847987643751322961e-01
5.327134013491427140e+03 2.817949910683315573e-01
5.328134038648830938e+03 2.787933908899753455e-01
5.329134063806234735e+03 2.757944072196076291e-01
5.330134088963638533e+03 2.727984833980250379e-01
5.331134114121043240e+03 2.698060394753089009e-01
5.332134139278447037e+03 2.668174328229752090e-01
5.333134164435850835e+03 2.638330103761287737e-01
5.334134189593255542e+03 2.608531190698744062e-01
5.335134214750659339e+03 2.578781058393250225e-01
5.336134239908063137e+03 2.549083176195853784e-01
5.337134265065466934e+03 2.519441013457630607e-01
5.338134290222871641e+03 2.489858039529629086e-01
5.339134315380275439e+03 2.460337723762977824e-01
5.340134340537680146e+03 2.430883535508698012e-01
5.341134365695083943e+03 2.401498944117919088e-01
5.342134390852487741e+03 2.372187418941688886e-01
5.343134416009892448e+03 2.342952429331055519e-01
5.344134441167296245e+03 2.313797444637148426e-01
5.345134466324700043e+03 2.284725934211015719e-01
5.346134491482103840e+03 2.255741367403732156e-01
5.347134516639507638e+03 2.226847213566373329e-01
5.348134541796912345e+03 2.198046942049988461e-01
5.349134566954316142e+03 2.169344022205704214e-01
5.350134592111719940e+03 2.140741923384570089e-01
5.351134617269124647e+03 2.112244114937635586e-01
5.352134642426528444e+03 2.083854066216027090e-01
5.353134667583932242e+03 2.055575246570794101e-01
5.354134692741336039e+03 2.027411125353012489e-01
5.355134717898740746e+03 1.999365171913730643e-01
5.356134743056144544e+03 1.971440855604075504e-01
5.357134768213548341e+03 1.943641645775096571e-01
5.358134793370953048e+03 1.915971011777843902e-01
5.359134818528356845e+03 1.888432422963442769e-01
5.360134843685760643e+03 1.861029348682942952e-01
5.361134868843164440e+03 1.833765258287420596e-01
5.362134894000569147e+03 1.806643621127925203e-01
5.363134919157972945e+03 1.779667906555581491e-01
5.364134944315376742e+03 1.752841583921440349e-01
5.365134969472781449e+03 1.726168122576552388e-01
5.366134994630185247e+03 1.699650991872040939e-01
5.367135019787589044e+03 1.673293661158957724e-01
5.368135044944992842e+03 1.647099599788377222e-01
5.369135070102397549e+03 1.621072277111350879e-01
5.370135095259801346e+03 1.595215162479001747e-01
5.371135120417206053e+03 1.569531725242357678e-01
5.372135145574608941e+03 1.544025434752563375e-01
5.373135170732013648e+03 1.518699760360601725e-01
5.374135195889417446e+03 1.493558171417616875e-01
5.375135221046822153e+03 1.468604137274638621e-01
5.376135246204225950e+03 1.443841127282786685e-01
5.377135271361629748e+03 1.419272610793114731e-01
5.378135296519033545e+03 1.394902057156696962e-01
5.379135321676437343e+03 1.370732935724608414e-01
5.380135346833842050e+03 1.346768714821888480e-01
5.381135371991245847e+03 1.323012261224872643e-01
5.382135397148649645e+03 1.299464828720394982e-01
5.383135422306054352e+03 1.276127403565015805e-01
5.384135447463458149e+03 1.253000972015359260e-01
5.385135472620861947e+03 1.230086520327985100e-01
5.386135497778266654e+03 1.207385034759454467e-01
5.387135522935670451e+03 1.184897501566389982e-01
5.388135548093074249e+03 1.162624907005352787e-01
5.389135573250478046e+03 1.140568237332924006e-01
5.390135598407882753e+03 1.118728478805665477e-01
5.391135623565286551e+03 1.097106617680198154e-01
5.392135648722690348e+03 1.075703640213084011e-01
5.393135673880094146e+03 1.054520532660904175e-01
5.394135699037498853e+03 1.033558281280221036e-01
5.395135724194902650e+03 1.012817872327654578e-01
5.396135749352307357e+03 9.923002920597483179e-02
5.397135774509711155e+03 9.720065267331212677e-02
5.398135799667114952e+03 9.519375626043359573e-02
5.399135824824519659e+03 9.320943859299556100e-02
5.400135849981923457e+03 9.124779829665985442e-02
5.401135875139327254e+03 8.930893399708274283e-02
5.402135900296731052e+03 8.739294431992239431e-02
5.403135925454134849e+03 8.549992789083697697e-02
5.404135950611539556e+03 8.362998333548292418e-02
5.405135975768943354e+03 8.178320927952177632e-02
5.406136000926347151e+03 7.995970434861000842e-02
5.407136026083751858e+03 7.815956716840409546e-02
5.408136051241155656e+03 7.638289636456549458e-02
5.409136076398559453e+03 7.462979056275068079e-02
5.410136101555963251e+03 7.290034838861782218e-02
5.411136126713367958e+03 7.119466846782351865e-02
5.412136151870771755e+03 6.951284942602900530e-02
5.413136177028175553e+03 6.785498988889088201e-02
5.414136202185579350e+03 6.622118848206730302e-02
5.415136227342984057e+03 6.461154383121495148e-02
5.416136252500387855e+03 6.302615456199489596e-02
5.417136277657792562e+03 6.146511930006241797e-02
5.418136302815196359e+03 5.992853667107848892e-02
5.419136327972600156e+03 5.841650530069984054e-02
5.420136353130003954e+03 5.692912381458459931e-02
5.421136378287408661e+03 5.546649083838961491e-02
5.422136403444812458e+03 5.402870499777569918e-02
5.423136428602216256e+03 5.261586491839962548e-02
5.424136453759620963e+03 5.122806922591831985e-02
5.425136478917024760e+03 4.986541654599243450e-02
5.426136504074428558e+03 4.852800550427886772e-02
5.427136529231832355e+03 4.721593472643574596e-02
5.428136554389237062e+03 4.592930283812005771e-02
5.429136579546640860e+03 4.466820846499230252e-02
5.430136604704044657e+03 4.343275023270944807e-02
5.431136629861449364e+03 4.222302676692855222e-02
5.432136655018853162e+03 4.103913669330994107e-02
5.433136680176256959e+03 3.988117863751067943e-02
5.434136705333660757e+03 3.874925122518889375e-02
5.435136730491065464e+03 3.764345308200174600e-02
5.436136755648469261e+03 3.656388283360939573e-02
5.437136780805873968e+03 3.551063910566802651e-02
5.438136805963277766e+03 3.448382052383770074e-02
5.439136831120681563e+03 3.348352571377559428e-02
5.440136856278085361e+03 3.250985330113985439e-02
5.441136881435489158e+03 3.156290191158863528e-02
5.442136906592893865e+03 3.064277017077925505e-02
5.443136931750297663e+03 2.974955670437152977e-02
5.444136956907701460e+03 2.888336013802276364e-02
5.445136982065105258e+03 2.804427909739110394e-02
5.446137007222509965e+03 2.723241220813396937e-02
5.447137032379913762e+03 2.644785809591099213e-02
5.448137057537318469e+03 2.569071538637887966e-02
5.449137082694722267e+03 2.496108270519716357e-02
5.450137107852126064e+03 2.425905867802329724e-02
5.451137133009529862e+03 2.358474193051541754e-02
5.452137158166934569e+03 2.293823108833109928e-02
5.453137183324338366e+03 2.231962477712966589e-02
5.454137208481743073e+03 2.172902162256814054e-02
5.455137233639146871e+03 2.116652025030574605e-02
5.456137258796550668e+03 2.063221928600008151e-02
5.457137283953954466e+03 2.012621735530928727e-02
5.458137309111358263e+03 1.964861308389151406e-02
5.459137334268762061e+03 1.919950509740491959e-02
5.460137359426166768e+03 1.877899202150725907e-02
5.461137384583571475e+03 1.838717248185712388e-02
5.462137409740975272e+03 1.802414510411296661e-02
5.463137434898379070e+03 1.769000851393257370e-02
5.464137460055782867e+03 1.738486133697408551e-02
5.465137485213186665e+03 1.710880219889564929e-02
5.466137510370591372e+03 1.686192972535520418e-02
5.467137535527995169e+03 1.664434254201134500e-02
5.468137560685398967e+03 1.645613927452198658e-02
5.469137585842803674e+03 1.629741854854513741e-02
5.470137611000207471e+03 1.616827898973923969e-02
5.471137636157611269e+03 1.606881922376227761e-02
5.472137661315015066e+03 1.599913787627240194e-02
5.473137686472419773e+03 1.595933357292773913e-02
5.474137711629823571e+03 1.594950493938650585e-02
5.475137736787228278e+03 1.596975060130683549e-02
5.476137761944632075e+03 1.602016918434683024e-02
5.477137787102035873e+03 1.610085931416466165e-02
5.478137812259439670e+03 1.621191961641845272e-02
5.479137837416844377e+03 1.635344871676650685e-02
