6.730169309329323369e+03 1.456265266590122190e-02
6.731169334486727166e+03 1.493874110629178110e-02
6.732169359644130964e+03 1.532521746757656289e-02
6.733169384801534761e+03 1.572218277180767454e-02
6.734169409958939468e+03 1.612973804103760150e-02
6.735169435116343266e+03 1.654798429731771034e-02
6.736169460273747063e+03 1.697702256270047783e-02
6.737169485431150861e+03 1.741695385923801298e-02
6.738169510588554658e+03 1.786787920898242482e-02
6.739169535745959365e+03 1.832989963398624911e-02
6.740169560903364072e+03 1.880311615630119240e-02
6.741169586060766960e+03 1.928762979797846860e-02
6.742169611218170758e+03 1.978354158107150165e-02
6.743169636375575465e+03 2.029095252763242138e-02
6.744169661532979262e+03 2.080996365971242434e-02
6.745169686690383060e+03 2.134067599936406712e-02
6.746169711847787767e+03 2.188319056863996526e-02
6.747169737005191564e+03 2.243760838959123552e-02
6.748169762162595362e+03 2.300403048427048652e-02
6.749169787320000069e+03 2.358255787473034770e-02
6.750169812477403866e+03 2.417329158302188030e-02
6.751169837634807664e+03 2.477633263119772070e-02
6.752169862792212371e+03 2.539178204131053301e-02
6.753169887949616168e+03 2.601974083541130911e-02
6.754169913107019966e+03 2.666031003555272005e-02
6.755169938264423763e+03 2.731359066378687486e-02
6.756169963421828470e+03 2.797968374216648624e-02
6.757169988579232268e+03 2.865869029274246277e-02
6.758170013736636065e+03 2.935071133756750328e-02
6.759170038894040772e+03 3.005584789869436904e-02
6.760170064051444569e+03 3.077420099817388538e-02
6.761170089208848367e+03 3.150587165805881357e-02
6.762170114366253074e+03 3.225096090040192182e-02
6.763170139523656871e+03 3.300956974725397647e-02
6.764170164681060669e+03 3.378179922066775615e-02
6.765170189838465376e+03 3.456775034269609498e-02
6.766170214995869173e+03 3.536752413538966910e-02
6.767170240153272971e+03 3.618122162080130572e-02
6.768170265310677678e+03 3.700894382098385976e-02
6.769170290468081475e+03 3.785079175798794493e-02
6.770170315625484363e+03 3.870686645386562513e-02
6.771170340782889070e+03 3.957726893067137902e-02
6.772170365940293777e+03 4.046210021045575089e-02
6.773170391097697575e+03 4.136146131527004138e-02
6.774170416255101372e+03 4.227545326716715401e-02
6.775170441412506079e+03 4.320417708820005476e-02
6.776170466569908967e+03 4.414773380041828871e-02
6.777170491727312765e+03 4.510622442587652881e-02
6.778170516884717472e+03 4.607974998662692223e-02
6.779170542042121269e+03 4.706841150471980512e-02
6.780170567199525067e+03 4.807231000220816425e-02
6.781170592356929774e+03 4.909154650114505580e-02
6.782170617514334481e+03 5.012622202358166940e-02
6.783170642671738278e+03 5.117643759156915995e-02
6.784170667829141166e+03 5.224229422715957749e-02
6.785170692986545873e+03 5.332389295240799743e-02
6.786170718143949671e+03 5.442133478936356239e-02
6.787170743301353468e+03 5.553472076007939101e-02
6.788170768458758175e+03 5.666415188660859498e-02
6.789170793616162882e+03 5.780972919100229451e-02
6.790170818773565770e+03 5.897155369531047880e-02
6.791170843930969568e+03 6.014972642158839672e-02
6.792170869088375184e+03 6.134434839188928484e-02
6.793170894245778982e+03 6.255552062826093274e-02
6.794170919403182779e+03 6.378334415275759006e-02
6.795170944560586577e+03 6.502791998743137625e-02
6.796170969717991284e+03 6.628934915433555564e-02
6.797170994875394172e+03 6.756773267551875739e-02
6.798171020032798879e+03 6.886317157303774306e-02
6.799171045190202676e+03 7.017576686894114180e-02
6.800171070347607383e+03 7.150561958528341144e-02
6.801171095505011181e+03 7.285283074411426363e-02
6.802171120662414978e+03 7.421750136748700433e-02
6.803171145819818776e+03 7.559973247745375990e-02
6.804171170977222573e+03 7.699962509606661509e-02
6.805171196134627280e+03 7.841728024537898689e-02
6.806171221292031987e+03 7.985279894744171103e-02
6.807171246449434875e+03 8.130628222430426322e-02
6.808171271606839582e+03 8.277783109802401562e-02
6.809171296764243380e+03 8.426754659064909780e-02
6.810171321921647177e+03 8.577552972423295452e-02
6.811171347079051884e+03 8.730188152082908604e-02
6.812171372236455682e+03 8.884670300248680153e-02
6.813171397393859479e+03 9.041009519125964289e-02
6.814171422551264186e+03 9.199215910920108263e-02
6.815171447708667074e+03 9.359299577835901440e-02
6.816171472866071781e+03 9.521270622079124057e-02
6.817171498023476488e+03 9.685139145854707032e-02
6.818171523180879376e+03 9.850915251367553527e-02
6.819171548338284083e+03 1.001860904082347847e-01
6.820171573495687880e+03 1.018823061642723654e-01
6.821171598653091678e+03 1.035979008038419580e-01
6.822171623810496385e+03 1.053329753489971876e-01
6.823171648967900182e+03 1.070876308217870582e-01
6.824171674125303980e+03 1.088619682442652226e-01
6.825171699282708687e+03 1.106560886384854447e-01
6.826171724440112484e+03 1.124700930264965482e-01
6.827171749597516282e+03 1.143040824303522968e-01
6.828171774754920989e+03 1.161581578721064545e-01
6.829171799912323877e+03 1.180324203738061101e-01
6.830171825069729493e+03 1.199269705952308723e-01
6.831171850227132381e+03 1.218417957235002347e-01
6.832171875384537088e+03 1.237766088305307932e-01
6.833171900541940886e+03 1.257310824194609322e-01
6.834171925699344683e+03 1.277048889934360720e-01
6.835171950856749390e+03 1.296977010556017440e-01
6.836171976014153188e+03 1.317091911090978729e-01
6.837172001171556985e+03 1.337390316570699900e-01
6.838172026328960783e+03 1.357868952026617393e-01
6.839172051486365490e+03 1.378524542490186522e-01
6.840172076643769287e+03 1.399353812992805979e-01
6.841172101801173085e+03 1.420353488565931632e-01
6.842172126958576882e+03 1.441520294240999367e-01
6.843172152115981589e+03 1.462850955049465607e-01
6.844172177273385387e+03 1.484342196022727933e-01
6.845172202430790094e+03 1.505990742192262200e-01
6.846172227588192982e+03 1.527793318589445171e-01
6.847172252745597689e+03 1.549746650245793500e-01
6.848172277903001486e+03 1.571847462192683398e-01
6.849172303060406193e+03 1.594092479461591549e-01
6.850172328217809991e+03 1.616478427083914149e-01
6.851172353375213788e+03 1.639002030091108453e-01
6.852172378532617586e+03 1.661660013514610068e-01
6.853172403690022293e+03 1.684449102385877362e-01
6.854172428847426090e+03 1.707366021736304584e-01
6.855172454004830797e+03 1.730407496597370087e-01
6.856172479162234595e+03 1.753570252000468954e-01
6.857172504319638392e+03 1.776851012977057886e-01
6.858172529477042190e+03 1.800246504558574157e-01
6.859172554634445987e+03 1.823753451776453927e-01
6.860172579791850694e+03 1.847368579662155563e-01
6.861172604949254492e+03 1.871088613247072208e-01
6.862172630106658289e+03 1.894910277562662226e-01
6.863172655264062087e+03 1.918830297640361782e-01
6.864172680421466794e+03 1.942845398511629240e-01
6.865172705578870591e+03 1.966952305207858298e-01
6.866172730736275298e+03 1.991147742760528694e-01
6.867172755893679096e+03 2.015428436201033013e-01
6.868172781051083803e+03 2.039791110560852105e-01
6.869172806208486691e+03 2.064232490871355519e-01
6.870172831365891398e+03 2.088749302164069344e-01
6.871172856523295195e+03 2.113338269470362574e-01
6.872172881680698993e+03 2.137996117821694408e-01
6.873172906838103700e+03 2.162719572249524047e-01
6.874172931995507497e+03 2.187505357785242965e-01
6.875172957152912204e+03 2.212350199460332567e-01
6.876172982310315092e+03 2.237250822306161846e-01
6.877173007467718890e+03 2.262203951354235243e-01
6.878173032625123597e+03 2.287206311635988920e-01
6.879173057782527394e+03 2.312254628182814631e-01
6.880173082939931192e+03 2.337345625987682363e-01
6.881173108097335898e+03 2.362476018213947870e-01
6.882173133254739696e+03 2.387642489549960112e-01
6.883173158412143493e+03 2.412841720486569586e-01
6.884173183569548200e+03 2.438070391514627067e-01
6.885173208726951998e+03 2.463325183124913664e-01
6.886173233884355795e+03 2.488602775808280987e-01
6.887173259041760502e+03 2.513899850055578700e-01
6.888173284199164300e+03 2.539213086357589022e-01
6.889173309356568097e+03 2.564539165205162452e-01
6.890173334513971895e+03 2.589874767089125895e-01
6.891173359671376602e+03 2.615216572500331238e-01
6.892173384828780399e+03 2.640561261929560422e-01
6.893173409986184197e+03 2.665905515867662001e-01
6.894173435143588904e+03 2.691246014805488418e-01
6.895173460300992701e+03 2.716579439233820503e-01
6.896173485458396499e+03 2.741902469643510143e-01
6.897173510615800296e+03 2.767211786525382577e-01
6.898173535773205003e+03 2.792504070370290803e-01
6.899173560930608801e+03 2.817776001669015651e-01
6.900173586088012598e+03 2.843024260912407342e-01
6.901173611245417305e+03 2.868245528591316651e-01
6.902173636402821103e+03 2.893436485196526076e-01
6.903173661560224900e+03 2.918593811218885281e-01
6.904173686717629607e+03 2.943714187149245043e-01
6.905173711875032495e+03 2.968794293478364543e-01
6.906173737032437202e+03 2.993830810697162836e-01
6.907173762189841000e+03 3.018820419296399660e-01
6.908173787347245707e+03 3.043759799766946328e-01
6.909173812504648595e+03 3.068645632599564799e-01
6.910173837662053302e+03 3.093474598285171351e-01
6.911173862819457099e+03 3.118243377314527387e-01
6.912173887976861806e+03 3.142948650178504222e-01
6.913173913134265604e+03 3.167587097367884907e-01
6.914173938291669401e+03 3.192155399373520774e-01
6.915173963449074108e+03 3.216650236686259823e-01
6.916173988606477906e+03 3.241068289796886215e-01
6.917174013763881703e+03 3.265406239196250726e-01
6.918174038921285501e+03 3.289660765375179707e-01
6.919174064078689298e+03 3.313828548824501175e-01
6.920174089236094005e+03 3.337906270035064238e-01
6.921174114393497803e+03 3.361890609497653060e-01
6.922174139550902510e+03 3.385778247703139510e-01
6.923174164708306307e+03 3.409565865142306640e-01
6.924174189865710105e+03 3.433250142306005781e-01
6.925174215023114812e+03 3.456827759685083268e-01
6.926174240180518609e+03 3.480295397770326038e-01
6.927174265337922407e+03 3.503649737052582092e-01
6.928174290495327114e+03 3.526887458022701094e-01
6.929174315652730002e+03 3.550005241171447223e-01
6.930174340810134709e+03 3.572999769913930979e-01
6.931174365967538506e+03 3.595868609726904919e-01
6.932174391124942304e+03 3.618611441729630562e-01
6.933174416282347011e+03 3.641228257677529556e-01
6.934174441439750808e+03 3.663719049325963040e-01
6.935174466597155515e+03 3.686083808430372644e-01
6.936174491754559313e+03 3.708322526746120062e-01
6.937174516911963110e+03 3.730435196028626943e-01
6.938174542069366908e+03 3.752421808033295503e-01
6.939174567226770705e+03 3.774282354515526849e-01
6.940174592384175412e+03 3.796016827230741519e-01
6.941174617541579210e+03 3.817625217934302873e-01
6.942174642698983916e+03 3.839107518381650874e-01
6.943174667856386804e+03 3.860463720328128900e-01
6.944174693013791511e+03 3.881693815529216884e-01
6.945174718171195309e+03 3.902797795740257647e-01
6.946174743328599106e+03 3.923775652716673390e-01
6.947174768486003813e+03 3.944627378213882429e-01
6.948174793643407611e+03 3.965352963987249790e-01
6.949174818800812318e+03 3.985952401792214883e-01
6.950174843958216115e+03 4.006425683384141068e-01
6.951174869115619913e+03 4.026772800518449991e-01
6.952174894273023710e+03 4.046993744950541649e-01
6.953174919430428417e+03 4.067088508435837135e-01
6.954174944587832215e+03 4.087057082729700919e-01
6.955174969745236012e+03 4.106899459587553536e-01
6.956174994902640719e+03 4.126615630764813303e-01
6.957175020060044517e+03 4.146205588016847465e-01
6.958175045217448314e+03 4.165669323099074894e-01
6.959175070374852112e+03 4.185006827766896143e-01
6.960175095532256819e+03 4.204218093775732301e-01
6.961175120689660616e+03 4.223303112880947841e-01
6.962175145847064414e+03 4.242261876837963297e-01
6.963175171004468211e+03 4.261094377402180333e-01
6.964175196161872918e+03 4.279800606329016710e-01
6.965175221319276716e+03 4.298380555373840228e-01
6.966175246476680513e+03 4.316834216292070869e-01
6.967175271634084311e+03 4.335161580839107520e-01
6.968175296791489018e+03 4.353362640770370162e-01
6.969175321948892815e+03 4.371437387841227706e-01
6.970175347106296613e+03 4.389385813807097914e-01
6.971175372263700410e+03 4.407207910423381891e-01
6.972175397421105117e+03 4.424903669445496845e-01
6.973175422578508915e+03 4.442473082628813352e-01
6.974175447735913622e+03 4.459916141728764161e-01
6.975175472893317419e+03 4.477232838500719847e-01
6.976175498050721217e+03 4.494423164700097062e-01
6.977175523208125924e+03 4.511487112082313566e-01
6.978175548365529721e+03 4.528424672402739937e-01
6.979175573522933519e+03 4.545235837416792823e-01
6.980175598680338226e+03 4.561920598837004848e-01
6.981175623837742023e+03 4.578478935678432782e-01
6.982175648995145821e+03 4.594910796609514847e-01
6.983175674152549618e+03 4.611216125860600479e-01
6.984175699309954325e+03 4.627394867662055211e-01
6.985175724467358123e+03 4.643446966244199059e-01
6.986175749624762830e+03 4.659372365837412544e-01
6.987175774782165718e+03 4.675171010672001803e-01
6.988175799939570425e+03 4.690842844978374560e-01
6.989175825096974222e+03 4.706387812986838060e-01
6.990175850254378929e+03 4.721805858927770050e-01
6.991175875411781817e+03 4.737096927031481108e-01
6.992175900569186524e+03 4.752260961528373961e-01
6.993175925726591231e+03 4.767297906648773065e-01
6.994175950883995029e+03 4.782207706623014531e-01
6.995175976041398826e+03 4.796990305681461675e-01
6.996176001198802624e+03 4.811645648054465041e-01
6.997176026356206421e+03 4.826173677972375731e-01
6.998176051513610219e+03 4.840574339665542625e-01
6.999176076671014926e+03 4.854847577364329592e-01
7.000176101828418723e+03 4.868993335299059977e-01
7.001176126985822521e+03 4.883011557700097649e-01
7.002176152143226318e+03 4.896902188797793154e-01
7.003176177300631934e+03 4.910665172822521463e-01
7.004176202458034822e+03 4.924300454004569283e-01
7.005176227615438620e+03 4.937807976574337676e-01
7.006176252772843327e+03 4.951187684762176078e-01
7.007176277930247124e+03 4.964439522798410609e-01
7.008176303087650922e+03 4.977563434913404583e-01
7.009176328245054719e+03 4.990559365337505771e-01
7.010176353402459426e+03 5.003427258301078595e-01
7.011176378559863224e+03 5.016167058034448623e-01
7.012176403717267931e+03 5.028778708767988048e-01
7.013176428874671728e+03 5.041262154732026879e-01
7.014176454032076435e+03 5.053617340156935089e-01
7.015176479189479323e+03 5.065844209273031584e-01
7.016176504346884030e+03 5.077942706310709653e-01
7.017176529504287828e+03 5.089912775500287090e-01
7.018176554661692535e+03 5.101754361072134980e-01
7.019176579819096332e+03 5.113467407256583330e-01
7.020176604976500130e+03 5.125051858283989903e-01
7.021176630133903927e+03 5.136507658384710240e-01
7.022176655291308634e+03 5.147834751789100993e-01
7.023176680448712432e+03 5.159033082727493280e-01
7.024176705606116229e+03 5.170102595430244863e-01
7.025176730763520027e+03 5.181043234127709063e-01
7.026176755920924734e+03 5.191854943050243643e-01
7.027176781078328531e+03 5.202537666428181939e-01
7.028176806235732329e+03 5.213091348491880606e-01
7.029176831393137036e+03 5.223515933471701844e-01
7.030176856550540833e+03 5.233811366526456288e-01
7.031176881707944631e+03 5.243977862695560210e-01
7.032176906865348428e+03 5.254016279735109762e-01
7.033176932022752226e+03 5.263927569022648356e-01
7.034176957180156933e+03 5.273712681935722735e-01
7.035176982337561640e+03 5.283372569851862988e-01
7.036177007494964528e+03 5.292908184148589212e-01
7.037177032652369235e+03 5.302320476203475907e-01
7.038177057809773032e+03 5.311610397394037619e-01
7.039177082967176830e+03 5.320778899097819981e-01
7.040177108124580627e+03 5.329826932692365293e-01
7.041177133281985334e+03 5.338755449555216970e-01
7.042177158439389132e+03 5.347565401063898438e-01
7.043177183596793839e+03 5.356257738595966433e-01
7.044177208754197636e+03 5.364833413528942163e-01
7.045177233911601434e+03 5.373293377240375701e-01
7.046177259069005231e+03 5.381638581107804908e-01
7.047177284226409938e+03 5.389869976508773197e-01
7.048177309383813736e+03 5.397988514820808437e-01
7.049177334541217533e+03 5.405995147421455149e-01
7.050177359698622240e+03 5.413890825688261188e-01
7.051177384856026038e+03 5.421676500998747761e-01
7.052177410013430745e+03 5.429353124730472713e-01
7.053177435170833633e+03 5.436921648260951700e-01
7.054177460328237430e+03 5.444383022967745900e-01
7.055177485485642137e+03 5.451738200228390951e-01
7.056177510643045935e+03 5.458988131420416945e-01
7.057177535800450642e+03 5.466133767921372844e-01
7.058177560957854439e+03 5.473176061108785406e-01
7.059177586115258237e+03 5.480115962360200266e-01
7.060177611272662034e+03 5.486954423053157504e-01
7.061177636430065832e+03 5.493692394565194981e-01
7.062177661587470539e+03 5.500330828273859440e-01
7.063177686744874336e+03 5.506870675556675421e-01
7.064177711902278133e+03 5.513312887791189665e-01
7.065177737059682840e+03 5.519658416354944475e-01
7.066177762217086638e+03 5.525908212625471050e-01
7.067177787374491345e+03 5.532063227980318354e-01
7.068177812531895142e+03 5.538124413797013146e-01
7.069177837689299849e+03 5.544092721453105499e-01
7.070177862846702737e+03 5.549969102326121062e-01
7.071177888004106535e+03 5.555754507793612129e-01
7.072177913161512151e+03 5.561449889233123223e-01
7.073177938318915039e+03 5.567056198022167779e-01
7.074177963476319746e+03 5.572574385538311414e-01
7.075177988633723544e+03 5.578005403159076447e-01
7.076178013791127341e+03 5.583350202262009621e-01
7.077178038948531139e+03 5.588609734224646575e-01
7.078178064105935846e+03 5.593784950424531832e-01
7.079178089263339643e+03 5.598876802239196593e-01
7.080178114420743441e+03 5.603886241004027990e-01
7.081178139578147238e+03 5.608814206023009508e-01
7.082178164735551945e+03 5.613661608049373974e-01
7.083178189892955743e+03 5.618429353694016637e-01
7.084178215050359540e+03 5.623118349567838292e-01
7.085178240207763338e+03 5.627729502281744178e-01
7.086178265365168045e+03 5.632263718446637313e-01
7.087178290522571842e+03 5.636721904673411832e-01
7.088178315679976549e+03 5.641104967572977413e-01
7.089178340837380347e+03 5.645413813756223753e-01
7.090178365994784144e+03 5.649649349834059420e-01
7.091178391152188851e+03 5.653812482417388541e-01
7.092178416309592649e+03 5.657904118117104142e-01
7.093178441466996446e+03 5.661925163544112571e-01
7.094178466624400244e+03 5.665876525309311296e-01
7.095178491781804951e+03 5.669759110023608883e-01
7.096178516939207839e+03 5.673573824297893919e-01
7.097178542096612546e+03 5.677321574743081634e-01
7.098178567254017253e+03 5.681003267970067272e-01
7.099178592411420141e+03 5.684619810589742750e-01
7.100178617568824848e+03 5.688172109213025518e-01
7.101178642726229555e+03 5.691661070450808602e-01
7.102178667883633352e+03 5.695087600913989467e-01
7.103178693041036240e+03 5.698452607213470023e-01
7.104178718198441857e+03 5.701756995960163277e-01
7.105178743355845654e+03 5.705001673764956704e-01
7.106178768513249452e+03 5.708187547238754433e-01
7.107178793670653249e+03 5.711315522992461702e-01
7.108178818828057047e+03 5.714386507636973755e-01
7.109178843985461754e+03 5.717401407783200273e-01
7.110178869142865551e+03 5.720361130042034281e-01
7.111178894300269349e+03 5.723266581024378796e-01
7.112178919457674056e+03 5.726118667341139057e-01
7.113178944615077853e+03 5.728918295603211419e-01
7.114178969772481651e+03 5.731666372421496680e-01
7.115178994929886358e+03 5.734363804406903409e-01
7.116179020087290155e+03 5.737011498170321300e-01
7.117179045244693953e+03 5.739610360322660032e-01
7.118179070402098660e+03 5.742161297474819293e-01
7.119179095559502457e+03 5.744665216237695438e-01
7.120179120716906255e+03 5.747123023222194815e-01
7.121179145874310052e+03 5.749535625039214892e-01
7.122179171031713850e+03 5.751903928299662017e-01
7.123179196189118557e+03 5.754228839614433655e-01
7.124179221346522354e+03 5.756511265594428384e-01
7.125179246503926151e+03 5.758752112850552551e-01
7.126179271661329949e+03 5.760952287993703624e-01
7.127179296818734656e+03 5.763112697634785730e-01
7.128179321976138453e+03 5.765234248384695226e-01
7.129179347133542251e+03 5.767317846854338459e-01
7.130179372290946958e+03 5.769364398858172205e-01
7.131179397448350755e+03 5.771374587000211998e-01
7.132179422605754553e+03 5.773348566083067457e-01
7.133179447763158350e+03 5.775286414636998655e-01
7.134179472920563057e+03 5.777188211192272327e-01
7.135179498077966855e+03 5.779054034279150764e-01
7.136179523235371562e+03 5.780883962427899592e-01
7.137179548392774450e+03 5.782678074168776661e-01
7.138179573550179157e+03 5.784436448032057587e-01
7.139179598707583864e+03 5.786159162547998003e-01
7.140179623864987661e+03 5.787846296246862421e-01
7.141179649022391459e+03 5.789497927658916465e-01
7.142179674179795256e+03 5.791114135314422429e-01
7.143179699337199054e+03 5.792694997743644825e-01
7.144179724494603761e+03 5.794240593476851497e-01
7.145179749652007558e+03 5.795751001044302519e-01
7.146179774809412265e+03 5.797226298976262404e-01
7.147179799966816063e+03 5.798666565802994555e-01
7.148179825124219860e+03 5.800071880054763485e-01
7.149179850281623658e+03 5.801442320261834817e-01
7.150179875439027455e+03 5.802777964954470846e-01
7.151179900596431253e+03 5.804078892662933864e-01
7.152179925753835960e+03 5.805345181917492825e-01
7.153179950911239757e+03 5.806576911248407802e-01
7.154179976068643555e+03 5.807774159185943308e-01
7.155180001226048262e+03 5.808937004260364967e-01
7.156180026383452059e+03 5.810065525001933961e-01
7.157180051540856766e+03 5.811159799940917026e-01
7.158180076698259654e+03 5.812219907607575342e-01
7.159180101855664361e+03 5.813245926532176755e-01
7.160180127013068159e+03 5.814237935244981337e-01
7.161180152170471956e+03 5.815196012276254711e-01
7.162180177327876663e+03 5.816120236156261392e-01
7.163180202485281370e+03 5.817010685415267002e-01
7.164180227642685168e+03 5.817867438583530504e-01
7.165180252800088056e+03 5.818690574191318632e-01
7.166180277957492763e+03 5.819480170768897009e-01
7.167180303114896560e+03 5.820236306846527929e-01
7.168180328272301267e+03 5.820959060954475905e-01
7.169180353429705065e+03 5.821648511623003230e-01
7.170180378587108862e+03 5.822304737382375528e-01
7.171180403744513569e+03 5.822927816762857312e-01
7.172180428901917367e+03 5.823517828294709764e-01
7.173180454059321164e+03 5.824074850508199619e-01
7.174180479216725871e+03 5.824598961933592500e-01
7.175180504374129669e+03 5.825090241101147370e-01
7.176180529531533466e+03 5.825548766541132073e-01
7.177180554688938173e+03 5.825974616783808901e-01
7.178180579846341061e+03 5.826367870359442369e-01
7.179180605003745768e+03 5.826728605798295879e-01
7.180180630161149566e+03 5.827056901580378590e-01
7.181180655318553363e+03 5.827352822352638295e-01
7.182180680475958070e+03 5.827616400168622590e-01
7.183180705633361868e+03 5.827847662390569505e-01
7.184180730790766575e+03 5.828046636380712631e-01
7.185180755948169462e+03 5.828213349501284446e-01
7.186180781105574169e+03 5.828347829114521872e-01
7.187180806262977967e+03 5.828450102582657388e-01
7.188180831420381764e+03 5.828520197267927916e-01
7.189180856577786471e+03 5.828558140532568155e-01
7.190180881735190269e+03 5.828563959738811695e-01
7.191180906892594066e+03 5.828537682248893237e-01
7.192180932049997864e+03 5.828479335425047481e-01
7.193180957207401661e+03 5.828388946629508016e-01
7.194180982364806368e+03 5.828266543224511764e-01
7.195181007522211075e+03 5.828112152572292315e-01
7.196181032679614873e+03 5.827925802035083258e-01
7.197181057837019580e+03 5.827707518975121515e-01
7.198181082994423377e+03 5.827457330754640674e-01
7.199181108151827175e+03 5.827175264735874327e-01
7.200181133309230972e+03 5.826861348281058284e-01
7.201181158466635679e+03 5.826515608752426134e-01
7.202181183624039477e+03 5.826138073512213689e-01
7.203181208781443274e+03 5.825728769922656758e-01
7.204181233938847072e+03 5.825287725345987822e-01
7.205181259096250869e+03 5.824814967144440470e-01
7.206181284253655576e+03 5.824310522680252733e-01
7.207181309411058464e+03 5.823774419315658202e-01
7.208181334568463171e+03 5.823206684412889356e-01
7.209181359725866969e+03 5.822607345334183115e-01
7.210181384883270766e+03 5.821976429441773071e-01
7.211181410040676383e+03 5.821313964097893923e-01
7.212181435198079271e+03 5.820619976664781481e-01
7.213181460355483978e+03 5.819894494504669336e-01
7.214181485512888685e+03 5.819137544979792187e-01
7.215181510670291573e+03 5.818349155452385846e-01
7.216181535827696280e+03 5.817529353284682792e-01
7.217181560985100077e+03 5.816678165838919945e-01
7.218181586142503875e+03 5.815795620477328676e-01
7.219181611299907672e+03 5.814881744562148125e-01
7.220181636457311470e+03 5.813936565455610772e-01
7.221181661614716177e+03 5.812960110519949097e-01
7.222181686772120884e+03 5.811952407117401131e-01
7.223181711929523772e+03 5.810913482610200465e-01
7.224181737086928479e+03 5.809843364360580686e-01
7.225181762244332276e+03 5.808742079730778718e-01
7.226181787401736074e+03 5.807609656083028149e-01
7.227181812559139871e+03 5.806446120779561459e-01
7.228181837716544578e+03 5.805251501182615570e-01
7.229181862873948376e+03 5.804025824654425181e-01
7.230181888031353083e+03 5.802769118918946756e-01
7.231181913188755971e+03 5.801481509501142941e-01
7.232181938346160678e+03 5.800163351546563373e-01
7.233181963503564475e+03 5.798815033119483209e-01
7.234181988660969182e+03 5.797436942284170946e-01
7.235182013818373889e+03 5.796029467104896193e-01
7.236182038975776777e+03 5.794592995645935218e-01
7.237182064133181484e+03 5.793127915971550967e-01
7.238182089290585282e+03 5.791634616146018599e-01
7.239182114447989989e+03 5.790113484233605501e-01
7.240182139605392877e+03 5.788564908298587941e-01
7.241182164762796674e+03 5.786989276405228866e-01
7.242182189920201381e+03 5.785386976617802324e-01
7.243182215077605179e+03 5.783758397000580143e-01
7.244182240235009886e+03 5.782103925617828599e-01
7.245182265392412774e+03 5.780423950533825073e-01
7.246182290549817480e+03 5.778718859812832509e-01
7.247182315707221278e+03 5.776989041519124957e-01
7.248182340864625985e+03 5.775234883716973133e-01
7.249182366022029782e+03 5.773456774470649977e-01
7.250182391179434489e+03 5.771655101844418434e-01
7.251182416336838287e+03 5.769830253902556993e-01
7.252182441494241175e+03 5.767982618709334153e-01
7.253182466651646791e+03 5.766112584329013968e-01
7.254182491809050589e+03 5.764220538825876039e-01
7.255182516966454386e+03 5.762306870264186642e-01
7.256182542123858184e+03 5.760371966708216496e-01
7.257182567281262891e+03 5.758416216222232986e-01
7.258182592438665779e+03 5.756440006870515713e-01
7.259182617596070486e+03 5.754443726717324292e-01
7.260182642753474283e+03 5.752427763826936102e-01
7.261182667910878081e+03 5.750392506263619641e-01
7.262182693068282788e+03 5.748338342091643405e-01
7.263182718225686585e+03 5.746265659375281443e-01
7.264182743383091292e+03 5.744174846178801142e-01
7.265182768540494180e+03 5.742066290566478770e-01
7.266182793697898887e+03 5.739940380602576164e-01
7.267182818855303594e+03 5.737797504351368483e-01
7.268182844012707392e+03 5.735638049877127553e-01
7.269182869170111189e+03 5.733462405244121873e-01
7.270182894327514077e+03 5.731270958516625491e-01
7.271182919484918784e+03 5.729064097758901353e-01
7.272182944642322582e+03 5.726842211035225727e-01
7.273182969799727289e+03 5.724605686409867111e-01
7.274182994957131996e+03 5.722354911947095113e-01
7.275183020114535793e+03 5.720090275711183780e-01
7.276183045271939591e+03 5.717812165766401611e-01
7.277183070429343388e+03 5.715520970177019322e-01
7.278183095586748095e+03 5.713217077007305411e-01
7.279183120744150983e+03 5.710900874321536147e-01
7.280183145901555690e+03 5.708572750135303409e-01
7.281183171058959488e+03 5.706233079536723318e-01
7.282183196216364195e+03 5.703882207369920243e-01
7.283183221373767083e+03 5.701520474160497454e-01
7.284183246531172699e+03 5.699148220434034906e-01
7.285183271688575587e+03 5.696765786716139202e-01
7.286183296845980294e+03 5.694373513532396958e-01
7.287183322003384092e+03 5.691971741408404784e-01
7.288183347160787889e+03 5.689560810869752627e-01
7.289183372318191687e+03 5.687141062442038209e-01
7.290183397475596394e+03 5.684712836650852585e-01
7.291183422633000191e+03 5.682276474021792367e-01
7.292183447790404898e+03 5.679832315080446392e-01
7.293183472947808696e+03 5.677380700352413490e-01
7.294183498105212493e+03 5.674921970363284718e-01
7.295183523262616291e+03 5.672456465638655576e-01
7.296183548420020088e+03 5.669984526704117123e-01
7.297183573577424795e+03 5.667506494085261526e-01
7.298183598734828593e+03 5.665022708307688726e-01
7.299183623892233300e+03 5.662533509896987560e-01
7.300183649049637097e+03 5.660039239378754639e-01
7.301183674207040895e+03 5.657540237278579909e-01
7.302183699364444692e+03 5.655036844122062201e-01
7.303183724521849399e+03 5.652529400434788132e-01
7.304183749679253197e+03 5.650018246742358752e-01
7.305183774836657904e+03 5.647503723570361789e-01
7.306183799994060792e+03 5.644986171444397183e-01
7.307183825151464589e+03 5.642465930890053771e-01
7.308183850308869296e+03 5.639943342432923723e-01
7.309183875466273093e+03 5.637418746598606978e-01
7.310183900623676891e+03 5.634892483912691263e-01
7.311183925781081598e+03 5.632364894900772079e-01
7.312183950938485395e+03 5.629836320088444923e-01
7.313183976095889193e+03 5.627307100001304185e-01
7.314184001253293900e+03 5.624777575164936483e-01
7.315184026410697697e+03 5.622248086104945086e-01
7.316184051568101495e+03 5.619718973346918833e-01
7.317184076725506202e+03 5.617190577416449893e-01
7.318184101882909999e+03 5.614663238839134873e-01
7.319184127040313797e+03 5.612137298140567054e-01
7.320184152197717594e+03 5.609613095846340824e-01
7.321184177355121392e+03 5.607090972482048352e-01
7.322184202512526099e+03 5.604571268573278475e-01
7.323184227669930806e+03 5.602054324645632244e-01
7.324184252827333694e+03 5.599540481224705157e-01
7.325184277984737491e+03 5.597030078836084943e-01
7.326184303142142198e+03 5.594523458005364880e-01
7.327184328299545996e+03 5.592020959258141577e-01
7.328184353456949793e+03 5.589522923120008313e-01
7.329184378614354500e+03 5.587029690116557257e-01
7.330184403771758298e+03 5.584541600494828950e-01
7.331184428929163005e+03 5.582058921803714213e-01
7.332184454086566802e+03 5.579581752117059867e-01
7.333184479243971509e+03 5.577110165405879671e-01
7.334184504401374397e+03 5.574644235641201817e-01
7.335184529558779104e+03 5.572184036794036732e-01
7.336184554716183811e+03 5.569729642835407057e-01
7.337184579873587609e+03 5.567281127736335433e-01
7.338184605030991406e+03 5.564838565467840059e-01
7.339184630188396113e+03 5.562402030000936914e-01
7.340184655345799911e+03 5.559971595306650860e-01
7.341184680503202799e+03 5.557547335356000096e-01
7.342184705660607506e+03 5.555129324119999490e-01
7.343184730818011303e+03 5.552717635569673904e-01
7.344184755975415101e+03 5.550312343676042648e-01
7.345184781132818898e+03 5.547913522410120590e-01
7.346184806290223605e+03 5.545521245742931482e-01
7.347184831447627403e+03 5.543135587645495743e-01
7.348184856605031200e+03 5.540756622088829353e-01
7.349184881762435907e+03 5.538384423043951621e-01
7.350184906919839705e+03 5.536019064481887408e-01
7.351184932077244412e+03 5.533660620373650474e-01
7.352184957234647300e+03 5.531309164690266789e-01
7.353184982392052007e+03 5.528964771402747891e-01
7.354185007549455804e+03 5.526627514482118642e-01
7.355185032706859602e+03 5.524297467899398351e-01
7.356185057864264309e+03 5.521974705625604107e-01
7.357185083021669016e+03 5.519659301631757442e-01
7.358185108179071904e+03 5.517351329888879885e-01
7.359185133336476611e+03 5.515050864367985195e-01
7.360185158493880408e+03 5.512757979040099343e-01
7.361185183651285115e+03 5.510472747876236088e-01
7.362185208808688913e+03 5.508195244847419181e-01
7.363185233966091801e+03 5.505925543924669041e-01
7.364185259123496508e+03 5.503663719079000538e-01
7.365185284280900305e+03 5.501409844281436312e-01
7.366185309438304103e+03 5.499163993502994563e-01
7.367185334595709719e+03 5.496926240714692380e-01
7.368185359753113516e+03 5.494696659887557955e-01
7.369185384910517314e+03 5.492475324992605046e-01
7.370185410067921111e+03 5.490262310000851853e-01
7.371185435225324909e+03 5.488057688883321017e-01
7.372185460382729616e+03 5.485861535611029627e-01
7.373185485540133413e+03 5.483673924154999213e-01
7.374185510697538120e+03 5.481494928486245755e-01
7.375185535854941008e+03 5.479324622575796333e-01
7.376185561012344806e+03 5.477163080394664707e-01
7.377185586169749513e+03 5.475010375913870186e-01
7.378185611327153310e+03 5.472866583104433191e-01
7.379185636484557108e+03 5.470731775937376362e-01
7.380185661641961815e+03 5.468606028342831715e-01
7.381185686799365612e+03 5.466489403766557897e-01
7.382185711956769410e+03 5.464381941299518708e-01
7.383185737114174117e+03 5.462283676582762038e-01
7.384185762271577914e+03 5.460194645257336887e-01
7.385185787428981712e+03 5.458114882964288928e-01
7.386185812586386419e+03 5.456044425344662718e-01
7.387185837743790216e+03 5.453983308039507261e-01
7.388185862901194014e+03 5.451931566689868225e-01
7.389185888058597811e+03 5.449889236936793502e-01
7.390185913216002518e+03 5.447856354421328762e-01
7.391185938373406316e+03 5.445832954784519675e-01
7.392185963530811023e+03 5.443819073667413022e-01
7.393185988688214820e+03 5.441814746711057804e-01
7.394186013845617708e+03 5.439820009556501912e-01
7.395186039003022415e+03 5.437834897844784354e-01
7.396186064160426213e+03 5.435859447216959683e-01
7.397186089317830920e+03 5.433893693314069129e-01
7.398186114475234717e+03 5.431937671777163912e-01
7.399186139632638515e+03 5.429991418247289703e-01
7.400186164790042312e+03 5.428054968365491062e-01
7.401186189947446110e+03 5.426128357772815880e-01
7.402186215104850817e+03 5.424211622110308717e-01
7.403186240262255524e+03 5.422304797019017464e-01
7.404186265419659321e+03 5.420407918139991121e-01
7.405186290577062209e+03 5.418521021114277580e-01
7.406186315734466916e+03 5.416644141582916960e-01
7.407186340891870714e+03 5.414777315186960482e-01
7.408186366049275421e+03 5.412920577567453817e-01
7.409186391206680128e+03 5.411073964365441524e-01
7.410186416364083925e+03 5.409237511221975936e-01
7.411186441521486813e+03 5.407411253778101612e-01
7.412186466678891520e+03 5.405595227674858672e-01
7.413186491836296227e+03 5.403789468553300557e-01
7.414186516993699115e+03 5.401994012054476269e-01
7.415186542151103822e+03 5.400208893819422595e-01
7.416186567308507620e+03 5.398434149489196310e-01
7.417186592465911417e+03 5.396669814704838641e-01
7.418186617623316124e+03 5.394915925107396371e-01
7.419186642780719922e+03 5.393172516337918498e-01
7.420186667938123719e+03 5.391439624037450695e-01
7.421186693095528426e+03 5.389717283847036411e-01
7.422186718252932224e+03 5.388005531407729087e-01
7.423186743410336931e+03 5.386304402360567734e-01
7.424186768567739819e+03 5.384613932346608012e-01
7.425186793725144526e+03 5.382934157006885600e-01
7.426186818882548323e+03 5.381265111982456162e-01
7.427186844039952121e+03 5.379606832914363146e-01
7.428186869197355918e+03 5.377959355443654443e-01
7.429186894354760625e+03 5.376322715211373504e-01
7.430186919512165332e+03 5.374696947531857338e-01
7.431186944669569129e+03 5.373082005371850878e-01
7.432186969826972927e+03 5.371477651085474481e-01
7.433186994984376724e+03 5.369883620133899527e-01
7.434187020141781431e+03 5.368299647978292954e-01
7.435187045299184319e+03 5.366725470079833915e-01
7.436187070456589026e+03 5.365160821899686017e-01
7.437187095613993733e+03 5.363605438899021749e-01
7.438187120771397531e+03 5.362059056539015822e-01
7.439187145928801328e+03 5.360521410280835175e-01
7.440187171086205126e+03 5.358992235585654518e-01
7.441187196243608923e+03 5.357471267914641899e-01
7.442187221401012721e+03 5.355958242728969809e-01
7.443187246558417428e+03 5.354452895489807407e-01
7.444187271715821225e+03 5.352954961658328292e-01
7.445187296873225932e+03 5.351464176695701624e-01
7.446187322030628820e+03 5.349980276063101003e-01
7.447187347188033527e+03 5.348502995221692258e-01
7.448187372345438234e+03 5.347032069632651208e-01
7.449187397502842032e+03 5.345567234757149233e-01
7.450187422660245829e+03 5.344108226056354383e-01
7.451187447817649627e+03 5.342654778991440256e-01
7.452187472975054334e+03 5.341206629023574903e-01
7.453187498132458131e+03 5.339763511613930813e-01
7.454187523289861929e+03 5.338325162223680476e-01
7.455187548447265726e+03 5.336891316313991940e-01
7.456187573604670433e+03 5.335461709346038806e-01
7.457187598762074231e+03 5.334036076780992452e-01
7.458187623919478028e+03 5.332614154080022040e-01
7.459187649076882735e+03 5.331195676704298947e-01
7.460187674234286533e+03 5.329780380114994554e-01
7.461187699391690330e+03 5.328367999773281349e-01
7.462187724549095037e+03 5.326958271140325163e-01
7.463187749706497925e+03 5.325550929677305145e-01
7.464187774863902632e+03 5.324145710845386015e-01
7.465187800021306430e+03 5.322742350105741371e-01
7.466187825178710227e+03 5.321340582919540374e-01
7.467187850336114934e+03 5.319940144747955513e-01
7.468187875493518732e+03 5.318540771052159277e-01
7.469187900650922529e+03 5.317142197293320827e-01
7.470187925808327236e+03 5.315744158932608210e-01
7.471187950965731034e+03 5.314346391431199468e-01
7.472187976123135741e+03 5.312948630250260429e-01
7.473188001280538629e+03 5.311550610850964693e-01
7.474188026437943336e+03 5.310152068694480310e-01
7.475188051595347133e+03 5.308752739241981988e-01
7.476188076752751840e+03 5.307352357954636668e-01
7.477188101910155638e+03 5.305950660293619059e-01
7.478188127067558526e+03 5.304547381720100541e-01
7.479188152224963233e+03 5.303142257695248052e-01
7.480188177382367940e+03 5.301735023670191005e-01
7.481188202539771737e+03 5.300325412607620468e-01
7.482188227697175535e+03 5.298913151730547666e-01
7.483188252854580242e+03 5.297497967455424561e-01
7.484188278011984039e+03 5.296079586198709777e-01
7.485188303169387837e+03 5.294657734376856384e-01
7.486188328326792544e+03 5.293232138406317455e-01
7.487188353484195432e+03 5.291802524703550503e-01
7.488188378641600139e+03 5.290368619685008600e-01
7.489188403799003936e+03 5.288930149767148148e-01
7.490188428956407733e+03 5.287486841366421109e-01
7.491188454113812440e+03 5.286038420899283885e-01
7.492188479271216238e+03 5.284584614782191769e-01
7.493188504428620035e+03 5.283125149431597833e-01
7.494188529586023833e+03 5.281659751263958480e-01
7.495188554743428540e+03 5.280188146695727891e-01
7.496188579900832337e+03 5.278710062143361359e-01
7.497188605058237044e+03 5.277225224023310846e-01
7.498188630215640842e+03 5.275733358752036084e-01
7.499188655373044639e+03 5.274234192745987926e-01
7.500188680530449346e+03 5.272727452421621663e-01
7.501188705687852234e+03 5.271212864195394809e-01
7.502188730845256941e+03 5.269690154483758215e-01
7.503188756002660739e+03 5.268159049703169394e-01
7.504188781160064536e+03 5.266619276270081418e-01
7.505188806317469243e+03 5.265070560600948468e-01
7.506188831474873041e+03 5.263512629112228058e-01
7.507188856632276838e+03 5.261945208220373260e-01
7.508188881789681545e+03 5.260368024341838256e-01
7.509188906947085343e+03 5.258780803893079447e-01
7.510188932104489140e+03 5.257183273290551018e-01
7.511188957261892938e+03 5.255575158950707149e-01
7.512188982419297645e+03 5.253956187289999802e-01
7.513189007576701442e+03 5.252326084724887600e-01
7.514189032734105240e+03 5.250684577671828057e-01
7.515189057891509947e+03 5.249031392547267583e-01
7.516189083048913744e+03 5.247366255767668131e-01
7.517189108206318451e+03 5.245688893749481663e-01
7.518189133363721339e+03 5.243999032909164582e-01
7.519189158521126046e+03 5.242296399663167739e-01
7.520189183678529844e+03 5.240580720427950867e-01
7.521189208835933641e+03 5.238851721619964819e-01
7.522189233993338348e+03 5.237109129655664885e-01
7.523189259150742146e+03 5.235352670951507470e-01
7.524189284308145943e+03 5.233582071923947865e-01
7.525189309465550650e+03 5.231797058989436922e-01
7.526189334622954448e+03 5.229997358564434373e-01
7.527189359780358245e+03 5.228182697065391071e-01
7.528189384937762043e+03 5.226352800908764529e-01
7.529189410095166750e+03 5.224507396511006707e-01
7.530189435252570547e+03 5.222646210724024574e-01
7.531189460409974345e+03 5.220769076454954138e-01
7.532189485567379052e+03 5.218876070366428310e-01
7.533189510724782849e+03 5.216967303237272091e-01
7.534189535882187556e+03 5.215042885846296050e-01
7.535189561039590444e+03 5.213102928972327410e-01
7.536189586196995151e+03 5.211147543394176740e-01
7.537189611354398949e+03 5.209176839890665711e-01
7.538189636511803656e+03 5.207190929240610444e-01
7.539189661669206544e+03 5.205189922222834831e-01
7.540189686826611251e+03 5.203173929616149440e-01
7.541189711984015048e+03 5.201143062199377054e-01
7.542189737141419755e+03 5.199097430751334903e-01
7.543189762298823553e+03 5.197037146050842438e-01
7.544189787456227350e+03 5.194962318876716889e-01
7.545189812613632057e+03 5.192873060007776598e-01
7.546189837771034945e+03 5.190769480222841015e-01
7.547189862928439652e+03 5.188651690300724040e-01
7.548189888085843450e+03 5.186519801020250675e-01
7.549189913243247247e+03 5.184373923160233710e-01
7.550189938400651954e+03 5.182214167499492596e-01
7.551189963558055751e+03 5.180040644816847895e-01
7.552189988715460458e+03 5.177853465891115725e-01
7.553190013872863346e+03 5.175652741501117760e-01
7.554190039030268963e+03 5.173438582425663457e-01
7.555190064187671851e+03 5.171211099443584480e-01
7.556190089345076558e+03 5.168970403333686958e-01
7.557190114502480355e+03 5.166716604874794783e-01
7.558190139659884153e+03 5.164449814845726294e-01
7.559190164817288860e+03 5.162170144025297613e-01
7.560190189974692657e+03 5.159877703192331522e-01
7.561190215132096455e+03 5.157572603125640809e-01
7.562190240289501162e+03 5.155254954604044926e-01
7.563190265446904050e+03 5.152924868406366654e-01
7.564190290604308757e+03 5.150582455311416563e-01
7.565190315761713464e+03 5.148227826098018545e-01
7.566190340919116352e+03 5.145861091544994270e-01
7.567190366076521059e+03 5.143482362431152088e-01
7.568190391233924856e+03 5.141091749535318112e-01
7.569190416391329563e+03 5.138689363636305130e-01
7.570190441548732451e+03 5.136275315512939255e-01
7.571190466706136249e+03 5.133849715944031056e-01
7.572190491863540956e+03 5.131412675708401094e-01
7.573190517020945663e+03 5.128964305584866601e-01
7.574190542178349460e+03 5.126504716352250357e-01
7.575190567335754167e+03 5.124034018789364042e-01
7.576190592493157965e+03 5.121552323675032659e-01
7.577190617650560853e+03 5.119059741788073437e-01
7.578190642807965560e+03 5.116556383907299166e-01
7.579190667965370267e+03 5.114042360811530408e-01
7.580190693122773155e+03 5.111517783343978438e-01
7.581190718280177862e+03 5.108982777765513905e-01
7.582190743437581659e+03 5.106437505647490882e-01
7.583190768594985457e+03 5.103882133483539363e-01
7.584190793752389254e+03 5.101316827767289341e-01
7.585190818909793961e+03 5.098741754992370812e-01
7.586190844067197759e+03 5.096157081652419318e-01
7.587190869224601556e+03 5.093562974241063745e-01
7.588190894382006263e+03 5.090959599251934087e-01
7.589190919539410061e+03 5.088347123178666997e-01
7.590190944696814768e+03 5.085725712514885810e-01
7.591190969854218565e+03 5.083095533754230511e-01
7.592190995011622363e+03 5.080456753390329983e-01
7.593191020169026160e+03 5.077809537916811999e-01
7.594191045326429958e+03 5.075154053827310996e-01
7.595191070483833755e+03 5.072490467615460297e-01
7.596191095641238462e+03 5.069818945774884345e-01
7.597191120798642260e+03 5.067139654799222015e-01
7.598191145956046967e+03 5.064452761182099971e-01
7.599191171113449855e+03 5.061758431417155979e-01
7.600191196270854562e+03 5.059056831998012260e-01
7.601191221428259269e+03 5.056348129418306581e-01
7.602191246585663066e+03 5.053632490171670044e-01
7.603191271743065954e+03 5.050910080751735975e-01
7.604191296900470661e+03 5.048181067652127707e-01
7.605191322057875368e+03 5.045445617366481894e-01
7.606191347215279166e+03 5.042703896388432971e-01
7.607191372372683873e+03 5.039956071211605382e-01
7.608191397530086761e+03 5.037202308329641331e-01
7.609191422687491468e+03 5.034442774236159712e-01
7.610191447844896175e+03 5.031677635424797179e-01
7.611191473002299063e+03 5.028907058389192608e-01
7.612191498159703769e+03 5.026131209622964890e-01
7.613191523317107567e+03 5.023350255619751792e-01
7.614191548474512274e+03 5.020564362873184416e-01
7.615191573631916071e+03 5.017773697876894978e-01
7.616191598789319869e+03 5.014978427124514582e-01
7.617191623946723666e+03 5.012178717109674331e-01
7.618191649104127464e+03 5.009374734326004219e-01
7.619191674261531261e+03 5.006566645267137572e-01
7.620191699418935968e+03 5.003754616426703272e-01
7.621191724576340675e+03 5.000938814298333535e-01
7.622191749733744473e+03 4.998119405375663349e-01
7.623191774891148270e+03 4.995296556152322154e-01
7.624191800048552068e+03 4.992470433121941054e-01
7.625191825205955865e+03 4.989641202778151707e-01
7.626191850363359663e+03 4.986809031614583554e-01
7.627191875520764370e+03 4.983974086124868808e-01
7.628191900678168167e+03 4.981136532802642458e-01
7.629191925835571965e+03 4.978296538141532279e-01
7.630191950992976672e+03 4.975454268541841252e-01
7.631191976150380469e+03 4.972609868428921609e-01
7.632192001307785176e+03 4.969763432077608512e-01
7.633192026465188064e+03 4.966915046799775246e-01
7.634192051622592771e+03 4.964064799907278447e-01
7.635192076779997478e+03 4.961212778711986404e-01
7.636192101937400366e+03 4.958359070525772405e-01
7.637192127094805073e+03 4.955503762660489753e-01
7.638192152252209780e+03 4.952646942428011179e-01
7.639192177409612668e+03 4.949788697140204974e-01
7.640192202567016466e+03 4.946929114108929992e-01
7.641192227724422082e+03 4.944068280646050084e-01
7.642192252881825880e+03 4.941206284063439647e-01
7.643192278039229677e+03 4.938343211672960309e-01
7.644192303196633475e+03 4.935479150786477032e-01
7.645192328354037272e+03 4.932614188715854775e-01
7.646192353511441979e+03 4.929748412772958499e-01
7.647192378668845777e+03 4.926881910269656495e-01
7.648192403826250484e+03 4.924014768517810947e-01
7.649192428983653372e+03 4.921147074829294032e-01
7.650192454141058079e+03 4.918278916515961829e-01
7.651192479298460967e+03 4.915410380889689290e-01
7.652192504455865674e+03 4.912541555262332493e-01
7.653192529613269471e+03 4.909672526945764170e-01
7.654192554770674178e+03 4.906803383251844841e-01
7.655192579928077976e+03 4.903934211492446127e-01
7.656192605085481773e+03 4.901065098979429657e-01
7.657192630242885571e+03 4.898196133024661503e-01
7.658192655400290278e+03 4.895327400940004958e-01
7.659192680557694985e+03 4.892458990037328315e-01
7.660192705715098782e+03 4.889590987628498198e-01
7.661192730872502580e+03 4.886723481025379567e-01
7.662192756029906377e+03 4.883856557539836829e-01
7.663192781187311084e+03 4.880990304483733278e-01
7.664192806344714882e+03 4.878124809168939424e-01
7.665192831502118679e+03 4.875260158907318564e-01
7.666192856659522477e+03 4.872396441010736212e-01
7.667192881816926274e+03 4.869533742791057329e-01
7.668192906974330981e+03 4.866672151560145210e-01
7.669192932131734779e+03 4.863811754629871476e-01
7.670192957289138576e+03 4.860952639312097201e-01
7.671192982446542374e+03 4.858094892918690122e-01
7.672193007603947080e+03 4.855238602761511313e-01
7.673193032761350878e+03 4.852383856152432950e-01
7.674193057918755585e+03 4.849530740403314999e-01
7.675193083076158473e+03 4.846679342826030190e-01
7.676193108233564089e+03 4.843829750732431272e-01
7.677193133390967887e+03 4.840982051434398192e-01
7.678193158548371684e+03 4.838136332243789250e-01
7.679193183705775482e+03 4.835292680472471072e-01
7.680193208863180189e+03 4.832451183515240611e-01
7.681193234020583986e+03 4.829611947970814945e-01
7.682193259177987784e+03 4.826775124109679571e-01
7.683193284335392491e+03 4.823940868241456403e-01
7.684193309492796288e+03 4.821109336675775126e-01
7.685193334650200086e+03 4.818280685722259871e-01
7.686193359807603883e+03 4.815455071690533662e-01
7.687193384965007681e+03 4.812632650890221186e-01
7.688193410122411478e+03 4.809813579630949354e-01
7.689193435279816185e+03 4.806998014222338966e-01
7.690193460437220892e+03 4.804186110974018042e-01
7.691193485594624690e+03 4.801378026195614046e-01
7.692193510752028487e+03 4.798573916196747779e-01
7.693193535909432285e+03 4.795773937287047817e-01
7.694193561066836992e+03 4.792978245776132740e-01
7.695193586224239880e+03 4.790186997973637784e-01
7.696193611381643677e+03 4.787400350189179310e-01
7.697193636539048384e+03 4.784618458732380897e-01
7.698193661696453091e+03 4.781841479912872783e-01
7.699193686853855979e+03 4.779069570040282433e-01
7.700193712011260686e+03 4.776302885424225653e-01
7.701193737168665393e+03 4.773541582374332681e-01
7.702193762326068281e+03 4.770785817200233758e-01
7.703193787483472988e+03 4.768035746211542469e-01
7.704193812640876786e+03 4.765291525717892385e-01
7.705193837798281493e+03 4.762553312028902641e-01
7.706193862955684381e+03 4.759821261454206254e-01
7.707193888113089088e+03 4.757095530303418474e-01
7.708193913270492885e+03 4.754376274886171205e-01
7.709193938427897592e+03 4.751663651512084141e-01
7.710193963585300480e+03 4.748957816490790296e-01
7.711193988742705187e+03 4.746258926131903255e-01
7.712194013900109894e+03 4.743567136745055479e-01
7.713194039057513692e+03 4.740882604639872211e-01
7.714194064214917489e+03 4.738205486125977028e-01
7.715194089372321287e+03 4.735535937512993510e-01
7.716194114529725994e+03 4.732874115110545232e-01
7.717194139687129791e+03 4.730220175228261881e-01
7.718194164844533589e+03 4.727574274175766478e-01
7.719194190001937386e+03 4.724936568262682601e-01
7.720194215159341184e+03 4.722307213798636605e-01
7.721194240316745891e+03 4.719686367093249291e-01
7.722194265474150598e+03 4.717074184456149788e-01
7.723194290631554395e+03 4.714470822196965005e-01
7.724194315788957283e+03 4.711876436625319076e-01
7.725194340946362900e+03 4.709291184050827805e-01
7.726194366103765788e+03 4.706715220783129761e-01
7.727194391261171404e+03 4.704148703131837417e-01
7.728194416418574292e+03 4.701591787406588230e-01
7.729194441575978999e+03 4.699044629916995786e-01
7.730194466733381887e+03 4.696507386672649775e-01
7.731194491890785685e+03 4.693980145348876087e-01
7.732194517048190392e+03 4.691462838769975829e-01
7.733194542205595098e+03 4.688955378432682064e-01
7.734194567362997986e+03 4.686457675833728964e-01
7.735194592520403603e+03 4.683969642469837380e-01
7.736194617677807400e+03 4.681491189837748146e-01
7.737194642835211198e+03 4.679022229434187663e-01
7.738194667992614995e+03 4.676562672755886219e-01
7.739194693150018793e+03 4.674112431299574655e-01
7.740194718307423500e+03 4.671671416561982149e-01
7.741194743464827297e+03 4.669239540039841763e-01
7.742194768622231095e+03 4.666816713229882674e-01
7.743194793779635802e+03 4.664402847628834614e-01
7.744194818937039599e+03 4.661997854733431201e-01
7.745194844094444306e+03 4.659601646040398837e-01
7.746194869251848104e+03 4.657214133046471694e-01
7.747194894409250992e+03 4.654835227248382279e-01
7.748194919566655699e+03 4.652464840142853109e-01
7.749194944724059496e+03 4.650102883226621686e-01
7.750194969881464203e+03 4.647749267996413858e-01
7.751194995038867091e+03 4.645403905948967127e-01
7.752195020196271798e+03 4.643066708581004010e-01
7.753195045353675596e+03 4.640737587389261454e-01
7.754195070511080303e+03 4.638416453870464196e-01
7.755195095668484100e+03 4.636103219521348073e-01
7.756195120825887898e+03 4.633797795838641709e-01
7.757195145983291695e+03 4.631500094319076499e-01
7.758195171140696402e+03 4.629210026459378846e-01
7.759195196298100200e+03 4.626927503756284588e-01
7.760195221455503997e+03 4.624652437706522901e-01
7.761195246612908704e+03 4.622384739806821297e-01
7.762195271770312502e+03 4.620124321553915614e-01
7.763195296927716299e+03 4.617871094444532809e-01
7.764195322085121006e+03 4.615624969975402059e-01
7.765195347242524804e+03 4.613385859643258091e-01
7.766195372399929511e+03 4.611153674944828973e-01
7.767195397557333308e+03 4.608928327376846101e-01
7.768195422714737106e+03 4.606709728436040319e-01
7.769195447872139994e+03 4.604497789619143577e-01
7.770195473029545610e+03 4.602292422422878948e-01
7.771195498186949408e+03 4.600093538343987265e-01
7.772195523344353205e+03 4.597901048879192709e-01
7.773195548501757912e+03 4.595714865525226123e-01
7.774195573659160800e+03 4.593534899778824454e-01
7.775195598816565507e+03 4.591361063136708554e-01
7.776195623973969305e+03 4.589193267095615925e-01
7.777195649131374012e+03 4.587031423152272969e-01
7.778195674288777809e+03 4.584875442803414414e-01
7.779195699446181607e+03 4.582725237545769437e-01
7.780195724603585404e+03 4.580580718873799029e-01
7.781195749760989202e+03 4.578441797773887822e-01
7.782195774918392999e+03 4.576308384085133185e-01
7.783195800075797706e+03 4.574180387489250044e-01
7.784195825233201504e+03 4.572057717667956656e-01
7.785195850390606211e+03 4.569940284302966838e-01
7.786195875548010008e+03 4.567827997075998847e-01
7.787195900705413806e+03 4.565720765668769277e-01
7.788195925862818513e+03 4.563618499762990832e-01
7.789195951020221401e+03 4.561521109040386213e-01
7.790195976177627017e+03 4.559428503182662018e-01
7.791196001335029905e+03 4.557340591871544833e-01
7.792196026492433703e+03 4.555257284788745697e-01
7.793196051649837500e+03 4.553178491615980650e-01
7.794196076807242207e+03 4.551104122034964061e-01
7.795196101964646914e+03 4.549034085727414745e-01
7.796196127122050711e+03 4.546968292375050957e-01
7.797196152279454509e+03 4.544906651659587071e-01
7.798196177436858306e+03 4.542849073262738568e-01
7.799196202594263013e+03 4.540795466866219821e-01
7.800196227751666811e+03 4.538745742151751861e-01
7.801196252909070608e+03 4.536699808801047951e-01
7.802196278066475315e+03 4.534657576495822462e-01
7.803196303223878203e+03 4.532618954917798648e-01
7.804196328381282910e+03 4.530583853748683665e-01
7.805196353538686708e+03 4.528552182670199100e-01
7.806196378696091415e+03 4.526523851364059881e-01
7.807196403853495212e+03 4.524498769511983154e-01
7.808196429010899010e+03 4.522476846795684402e-01
7.809196454168303717e+03 4.520457992896877997e-01
7.810196479325707514e+03 4.518442117497284416e-01
7.811196504483111312e+03 4.516429130278616921e-01
7.812196529640516019e+03 4.514418940922590995e-01
7.813196554797919816e+03 4.512411459110925449e-01
7.814196579955323614e+03 4.510406594525335766e-01
7.815196605112727411e+03 4.508404256847537428e-01
7.816196630270131209e+03 4.506404355759247027e-01
7.817196655427535006e+03 4.504406800942180600e-01
7.818196680584939713e+03 4.502411502078052519e-01
7.819196705742343511e+03 4.500418368848583262e-01
7.820196730899748218e+03 4.498427310935483314e-01
7.821196756057152015e+03 4.496438238020474820e-01
7.822196781214555813e+03 4.494451059785272151e-01
7.823196806371960520e+03 4.492465685911588014e-01
7.824196831529363408e+03 4.490482026081145661e-01
7.825196856686768115e+03 4.488499989975653359e-01
7.826196881844171912e+03 4.486519487276832696e-01
7.827196907001576619e+03 4.484540427666396378e-01
7.828196932158980417e+03 4.482562720826064329e-01
7.829196957316385124e+03 4.480586276437549254e-01
7.830196982473788921e+03 4.478611004503659787e-01
7.831197007631192719e+03 4.476636885792676379e-01
7.832197032788597426e+03 4.474664060304314739e-01
7.833197057946001223e+03 4.472692689793246745e-01
7.834197083103405021e+03 4.470722936014138171e-01
7.835197108260808818e+03 4.468754960721657010e-01
7.836197133418212616e+03 4.466788925670471255e-01
7.837197158575616413e+03 4.464824992615249455e-01
7.838197183733021120e+03 4.462863323310657382e-01
7.839197208890424918e+03 4.460904079511366915e-01
7.840197234047828715e+03 4.458947422972043273e-01
7.841197259205233422e+03 4.456993515447353338e-01
7.842197284362636310e+03 4.455042518691970654e-01
7.843197309520041927e+03 4.453094594460554889e-01
7.844197334677445724e+03 4.451149904507781252e-01
7.845197359834849522e+03 4.449208610588315516e-01
7.846197384992253319e+03 4.447270874456825118e-01
7.847197410149658026e+03 4.445336857867975833e-01
7.848197435307061824e+03 4.443406722576441203e-01
7.849197460464465621e+03 4.441480630336884783e-01
7.850197485621869419e+03 4.439558742903976229e-01
7.851197510779274126e+03 4.437641222032380761e-01
7.852197535936677923e+03 4.435728229476771367e-01
7.853197561094082630e+03 4.433819926991811045e-01
7.854197586251485518e+03 4.431916476332173893e-01
7.855197611408890225e+03 4.430018039252521245e-01
7.856197636566294932e+03 4.428124777507523313e-01
7.857197661723697820e+03 4.426236852851852532e-01
7.858197686881102527e+03 4.424354427040169124e-01
7.859197712038506324e+03 4.422477661827147188e-01
7.860197737195910122e+03 4.420606718967453053e-01
7.861197762353314829e+03 4.418741760215751935e-01
7.862197787510718626e+03 4.416882947326715714e-01
7.863197812668122424e+03 4.415030442055011273e-01
7.864197837825527131e+03 4.413184406155304940e-01
7.865197862982930928e+03 4.411345001382266928e-01
7.866197888140334726e+03 4.409512389490564677e-01
7.867197913297739433e+03 4.407686732234863403e-01
7.868197938455143230e+03 4.405868191369835540e-01
7.869197963612547028e+03 4.404056928650146863e-01
7.870197988769951735e+03 4.402253105830463698e-01
7.871198013927354623e+03 4.400456884665460144e-01
7.872198039084758420e+03 4.398668426909796980e-01
7.873198064242163127e+03 4.396887894318143863e-01
7.874198089399567834e+03 4.395115448645171008e-01
7.875198114556970722e+03 4.393351251645547517e-01
7.876198139714375429e+03 4.391595465073936388e-01
7.877198164871779227e+03 4.389848250685010611e-01
7.878198190029183024e+03 4.388109770233435403e-01
7.879198215186586822e+03 4.386380185473878757e-01
7.880198240343991529e+03 4.384659658038433938e-01
7.881198265501395326e+03 4.382948322979776101e-01
7.882198290658800033e+03 4.381246255754183694e-01
7.883198315816204740e+03 4.379553523708365481e-01
7.884198340973607628e+03 4.377870194189033559e-01
7.885198366131012335e+03 4.376196334542888366e-01
7.886198391288415223e+03 4.374532012116643664e-01
7.887198416445819021e+03 4.372877294257003777e-01
7.888198441603223728e+03 4.371232248310674140e-01
7.889198466760627525e+03 4.369596941624367403e-01
7.890198491918031323e+03 4.367971441544789557e-01
7.891198517075436030e+03 4.366355815418645481e-01
7.892198542232839827e+03 4.364750130592647270e-01
7.893198567390244534e+03 4.363154454413498695e-01
7.894198592547647422e+03 4.361568854227911851e-01
7.895198617705053039e+03 4.359993397382587177e-01
7.896198642862456836e+03 4.358428151224240099e-01
7.897198668019859724e+03 4.356873183099575497e-01
7.898198693177264431e+03 4.355328560355298806e-01
7.899198718334668229e+03 4.353794350338120456e-01
7.900198743492072026e+03 4.352270620394745881e-01
7.901198768649475824e+03 4.350757437871884958e-01
7.902198793806880531e+03 4.349254870116243676e-01
7.903198818964285238e+03 4.347762984474528580e-01
7.904198844121689035e+03 4.346281848293450656e-01
7.905198869279092833e+03 4.344811528919717003e-01
7.906198894436496630e+03 4.343352093700032501e-01
7.907198919593900428e+03 4.341903609981108136e-01
7.908198944751306044e+03 4.340466145109646567e-01
7.909198969908709842e+03 4.339039766432361001e-01
7.910198995066113639e+03 4.337624541295957425e-01
7.911199020223517437e+03 4.336220537047142387e-01
7.912199045380922144e+03 4.334827821032622430e-01
7.913199070538325032e+03 4.333446460599110206e-01
7.914199095695729739e+03 4.332076523093307263e-01
7.915199120853133536e+03 4.330718075861925698e-01
7.916199146010537333e+03 4.329371186251670944e-01
7.917199171167942040e+03 4.328035921609248993e-01
7.918199196325346747e+03 4.326712349281371384e-01
7.919199221482750545e+03 4.325400536614744107e-01
7.920199246640153433e+03 4.324100550956076483e-01
7.921199271797558140e+03 4.322812459652071726e-01
7.922199296954961937e+03 4.321536330049442487e-01
7.923199322112366644e+03 4.320272229494891980e-01
7.924199347269770442e+03 4.319020225335131191e-01
7.925199372427174239e+03 4.317780384916867220e-01
7.926199397584578037e+03 4.316552775586805502e-01
7.927199422741982744e+03 4.315337464691655911e-01
7.928199447899386541e+03 4.314134519578125548e-01
7.929199473056790339e+03 4.312944007592922624e-01
7.930199498214195046e+03 4.311765995423141873e-01
7.931199523371597934e+03 4.310600409011544620e-01
7.932199548529003550e+03 4.309446859835183163e-01
7.933199573686407348e+03 4.308304916752563329e-01
7.934199598843811145e+03 4.307174148622184839e-01
7.935199624001214033e+03 4.306054124302550190e-01
7.936199649158618740e+03 4.304944412652156327e-01
7.937199674316022538e+03 4.303844582529509633e-01
7.938199699473426335e+03 4.302754202793109273e-01
7.939199724630831042e+03 4.301672842301456634e-01
7.940199749788235749e+03 4.300600069913052548e-01
7.941199774945639547e+03 4.299535454486401176e-01
7.942199800103043344e+03 4.298478564880002795e-01
7.943199825260447142e+03 4.297428969952357125e-01
7.944199850417851849e+03 4.296386238561965554e-01
7.945199875575254737e+03 4.295349939567333353e-01
7.946199900732659444e+03 4.294319641826955802e-01
7.947199925890063241e+03 4.293294914199339285e-01
7.948199951047467948e+03 4.292275325542982412e-01
7.949199976204871746e+03 4.291260444716388789e-01
7.950200001362275543e+03 4.290249840578058693e-01
7.951200026519679341e+03 4.289243081986494066e-01
7.952200051677084048e+03 4.288239737800194074e-01
7.953200076834488755e+03 4.287239376877661767e-01
7.954200101991891643e+03 4.286241568077400754e-01
7.955200127149295440e+03 4.285245880257909090e-01
7.956200152306700147e+03 4.284251882277688717e-01
7.957200177464103945e+03 4.283259142995242130e-01
7.958200202621508652e+03 4.282267231269070162e-01
7.959200227778912449e+03 4.281275715957674755e-01
7.960200252936316247e+03 4.280284165919557293e-01
7.961200278093720044e+03 4.279292150013218610e-01
7.962200303251124751e+03 4.278299237097158425e-01
7.963200328408528549e+03 4.277304996029882012e-01
7.964200353565932346e+03 4.276308995669887980e-01
7.965200378723337053e+03 4.275310804875678272e-01
7.966200403880740851e+03 4.274309992505754829e-01
7.967200429038145558e+03 4.273306127418617928e-01
7.968200454195548446e+03 4.272298778472771730e-01
7.969200479352953153e+03 4.271287514526713736e-01
7.970200504510356950e+03 4.270271904438948662e-01
7.971200529667760748e+03 4.269251517067975676e-01
7.972200554825165455e+03 4.268225921272296164e-01
7.973200579982569252e+03 4.267194685910413732e-01
7.974200605139973959e+03 4.266157379840827546e-01
7.975200630297376847e+03 4.265113571922041213e-01
7.976200655454781554e+03 4.264062831012553345e-01
7.977200680612185351e+03 4.263004725970868103e-01
7.978200705769589149e+03 4.261938825655485208e-01
7.979200730926993856e+03 4.260864698924904936e-01
7.980200756084397653e+03 4.259781914540813341e-01
7.981200781241801451e+03 4.258690020934269849e-01
7.982200806399206158e+03 4.257588521271422066e-01
7.983200831556609046e+03 4.256476912608533891e-01
7.984200856714013753e+03 4.255354692001865891e-01
7.985200881871417550e+03 4.254221356507682517e-01
7.986200907028821348e+03 4.253076403182245446e-01
7.987200932186226055e+03 4.251919329081817467e-01
7.988200957343628943e+03 4.250749631262662476e-01
7.989200982501034559e+03 4.249566806781039374e-01
7.990201007658438357e+03 4.248370352693215390e-01
7.991201032815842154e+03 4.247159766055452201e-01
7.992201057973245952e+03 4.245934543924010929e-01
7.993201083130650659e+03 4.244694183355154360e-01
7.994201108288054456e+03 4.243438181405146392e-01
7.995201133445458254e+03 4.242166035130248147e-01
7.996201158602862961e+03 4.240877241586724078e-01
7.997201183760266758e+03 4.239571297830835306e-01
7.998201208917670556e+03 4.238247700918846839e-01
7.999201234075075263e+03 4.236905947907016468e-01
8.000201259232479060e+03 4.235545535851613641e-01
8.001201284389882858e+03 4.234165961808895595e-01
8.002201309547286655e+03 4.232766722835127338e-01
8.003201334704691362e+03 4.231347315986570545e-01
8.004201359862095160e+03 4.229907238319488560e-01
8.005201385019498957e+03 4.228445986890145281e-01
8.006201410176903664e+03 4.226963058754799052e-01
8.007201435334307462e+03 4.225457950969718213e-01
8.008201460491711259e+03 4.223930160591162219e-01
8.009201485649115057e+03 4.222379184675394415e-01
8.010201510806518854e+03 4.220804520278677030e-01
8.011201535963923561e+03 4.219205664457271743e-01
8.012201561121327359e+03 4.217582114267443560e-01
8.013201586278732066e+03 4.215933366765453050e-01
8.014201611436134954e+03 4.214258919007566884e-01
8.015201636593539661e+03 4.212558268050040633e-01
8.016201661750943458e+03 4.210830910949144301e-01
8.017201686908347256e+03 4.209076344761136235e-01
8.018201712065751963e+03 4.207294066542279221e-01
8.019201737223156670e+03 4.205483573348836046e-01
8.020201762380559558e+03 4.203644362237074494e-01
8.021201787537964265e+03 4.201775930263249026e-01
8.022201812695367153e+03 4.199877774483629644e-01
8.023201837852772769e+03 4.197949391954471365e-01
8.024201863010175657e+03 4.195990279732045303e-01
8.025201888167580364e+03 4.193999934872607027e-01
8.026201913324985071e+03 4.191977854432421546e-01
8.027201938482387959e+03 4.189923535467756643e-01
8.028201963639792666e+03 4.187836475034865669e-01
8.029201988797195554e+03 4.185716170190020846e-01
8.030202013954601171e+03 4.183562120322061317e-01
8.031202039112004059e+03 4.181374306905847327e-01
8.032202064269408766e+03 4.179153780976248012e-01
8.033202089426812563e+03 4.176901737355523392e-01
8.034202114584216361e+03 4.174619370865927936e-01
8.035202139741621068e+03 4.172307876329717224e-01
8.036202164899024865e+03 4.169968448569149611e-01
8.037202190056428663e+03 4.167602282406481229e-01
8.038202215213833369e+03 4.165210572663964883e-01
8.039202240371236257e+03 4.162794514163864479e-01
8.040202265528640964e+03 4.160355301728426158e-01
8.041202290686045671e+03 4.157894130179911607e-01
8.042202315843449469e+03 4.155412194340578069e-01
8.043202341000853266e+03 4.152910689032681124e-01
8.044202366158257064e+03 4.150390809078476351e-01
8.045202391315661771e+03 4.147853749300217108e-01
8.046202416473065568e+03 4.145300704520164525e-01
8.047202441630470275e+03 4.142732869560569742e-01
8.048202466787874073e+03 4.140151439243694442e-01
8.049202491945277870e+03 4.137557608391793096e-01
8.050202517102681668e+03 4.134952571827121282e-01
8.051202542260086375e+03 4.132337524371931248e-01
8.052202567417490172e+03 4.129713660848486900e-01
8.053202592574893970e+03 4.127082176079039932e-01
8.054202617732297767e+03 4.124444264885848144e-01
8.055202642889702474e+03 4.121801122091163228e-01
8.056202668047106272e+03 4.119153942517248534e-01
8.057202693204510069e+03 4.116503920986356313e-01
8.058202718361914776e+03 4.113852252320741587e-01
8.059202743519317664e+03 4.111200131342666597e-01
8.060202768676722371e+03 4.108548752874378041e-01
8.061202793834126169e+03 4.105899311738140933e-01
8.062202818991530876e+03 4.103253002756204748e-01
8.063202844148934673e+03 4.100611020750831170e-01
8.064202869306337561e+03 4.097974560544277445e-01
8.065202894463742268e+03 4.095344816958791379e-01
8.066202919621146975e+03 4.092722984816634657e-01
8.067202944778550773e+03 4.090110258940065080e-01
8.068202969935955480e+03 4.087507834151335451e-01
8.069202995093359277e+03 4.084916905272705234e-01
8.070203020250763075e+03 4.082338667126429455e-01
8.071203045408166872e+03 4.079774314534763691e-01
8.072203070565570670e+03 4.077225042319964632e-01
8.073203095722975377e+03 4.074692045304286192e-01
8.074203120880380084e+03 4.072176518309986171e-01
8.075203146037782972e+03 4.069679656159326253e-01
8.076203171195187679e+03 4.067202653674552582e-01
8.077203196352590567e+03 4.064746705677931282e-01
8.078203221509995274e+03 4.062313006991710163e-01
8.079203246667399071e+03 4.059902752438150353e-01
8.080203271824803778e+03 4.057517122529221143e-01
8.081203296982207576e+03 4.055154386530910315e-01
8.082203322139611373e+03 4.052806377503284652e-01
8.083203347297016080e+03 4.050464066742401892e-01
8.084203372454419878e+03 4.048118425544325327e-01
8.085203397611823675e+03 4.045760425205113253e-01
8.086203422769227473e+03 4.043381037020824520e-01
8.087203447926632180e+03 4.040971232287517423e-01
8.088203473084035068e+03 4.038521982301255808e-01
8.089203498241439775e+03 4.036024258358091865e-01
8.090203523398843572e+03 4.033469031754091105e-01
8.091203548556248279e+03 4.030847273785308493e-01
8.092203573713652077e+03 4.028149955747808431e-01
8.093203598871055874e+03 4.025368048937648102e-01
8.094203624028460581e+03 4.022492524650884138e-01
8.095203649185863469e+03 4.019514354183584270e-01
8.096203674343268176e+03 4.016424508831795692e-01
8.097203699500672883e+03 4.013213959891584470e-01
8.098203724658077590e+03 4.009873678659009455e-01
8.099203749815480478e+03 4.006394636430137268e-01
8.100203774972884275e+03 4.002767804501017324e-01
8.101203800130288982e+03 3.998984154167709026e-01
8.102203825287692780e+03 3.995034656726278999e-01
8.103203850445096577e+03 3.990910283472782205e-01
8.104203875602501284e+03 3.986602005703274165e-01
8.105203900759904172e+03 3.982100794713827607e-01
8.106203925917309789e+03 3.977397621800480287e-01
8.107203951074713586e+03 3.972483458259312705e-01
8.108203976232117384e+03 3.967349275386375940e-01
8.109204001389521181e+03 3.961986044477730506e-01
8.110204026546924979e+03 3.956384736829434146e-01
8.111204051704328776e+03 3.950536323737547373e-01
8.112204076861734393e+03 3.944431776498119047e-01
8.113204102019137281e+03 3.938062066407234663e-01
8.114204127176541988e+03 3.931418164760925871e-01
8.115204152333945785e+03 3.924491042855270950e-01
8.116204177491349583e+03 3.917271671986321535e-01
8.117204202648753380e+03 3.909751023450138696e-01
8.118204227806157178e+03 3.901920068542781284e-01
8.119204252963561885e+03 3.893769778560301487e-01
8.120204278120965682e+03 3.885291124798773144e-01
8.121204303278370389e+03 3.876475078554239562e-01
8.122204328435774187e+03 3.867312611122777355e-01
8.123204353593177984e+03 3.857794693800438157e-01
8.124204378750582691e+03 3.847912297883270827e-01
8.125204403907985579e+03 3.837656394667363635e-01
8.126204429065390286e+03 3.827017955448739350e-01
8.127204454222794993e+03 3.815987951523474031e-01
8.128204479380198791e+03 3.804557354187637630e-01
8.129204504537602588e+03 3.792717134737281226e-01
8.130204529695006386e+03 3.780458286613275209e-01
8.131204554852411093e+03 3.767776238260936439e-01
8.132204580009814890e+03 3.754676188614353705e-01
8.133204605167218688e+03 3.741164639522349122e-01
8.134204630324623395e+03 3.727248092833744253e-01
8.135204655482027192e+03 3.712933050397396184e-01
8.136204680639430990e+03 3.698226014062128697e-01
8.137204705796834787e+03 3.683133485676773344e-01
8.138204730954239494e+03 3.667661967090151132e-01
8.139204756111643292e+03 3.651817960151123033e-01
8.140204781269047089e+03 3.635607966708509498e-01
8.141204806426450887e+03 3.619038488611143745e-01
8.142204831583855594e+03 3.602116027707843449e-01
8.143204856741259391e+03 3.584847085847473469e-01
8.144204881898663189e+03 3.567238164878853146e-01
8.145204907056067896e+03 3.549295766650799044e-01
8.146204932213471693e+03 3.531026393012177134e-01
8.147204957370875491e+03 3.512436545811805644e-01
8.148204982528279288e+03 3.493532726898517238e-01
8.149205007685683086e+03 3.474321438121147354e-01
8.150205032843087793e+03 3.454809181328510337e-01
8.151205058000492500e+03 3.435002458369457168e-01
8.152205083157896297e+03 3.414907771092841604e-01
8.153205108315300095e+03 3.394531621347477990e-01
8.154205133472703892e+03 3.373880510982199543e-01
8.155205158630107690e+03 3.352960941845842258e-01
8.156205183787512397e+03 3.331779415787218257e-01
8.157205208944915285e+03 3.310342434655219601e-01
8.158205234102320901e+03 3.288656500298583474e-01
8.159205259259723789e+03 3.266728114566261332e-01
8.160205284417128496e+03 3.244563779306987028e-01
8.161205309574532293e+03 3.222169996369654288e-01
8.162205334731937000e+03 3.199553267603057471e-01
8.163205359889340798e+03 3.176720094856070320e-01
8.164205385046745505e+03 3.153676979977484418e-01
8.165205410204148393e+03 3.130430424816197932e-01
8.166205435361552190e+03 3.106986931220980797e-01
8.167205460518956897e+03 3.083353001040666785e-01
8.168205485676360695e+03 3.059535136124131860e-01
8.169205510833764492e+03 3.035539838320188144e-01
8.170205535991169199e+03 3.011373609477647761e-01
8.171205561148573906e+03 2.987042951445366135e-01
8.172205586305976794e+03 2.962554366072222001e-01
8.173205611463381501e+03 2.937914355206959205e-01
8.174205636620785299e+03 2.913129420698479244e-01
8.175205661778189096e+03 2.888206064395592021e-01
8.176205686935592894e+03 2.863150788147133530e-01
8.177205712092997601e+03 2.837970093801913118e-01
8.178205737250400489e+03 2.812670483208833394e-01
8.179205762407806105e+03 2.787258458216612667e-01
8.180205787565209903e+03 2.761740520315778546e-01
8.181205812722613700e+03 2.736123100323372137e-01
8.182205837880018407e+03 2.710412473907178876e-01
8.183205863037422205e+03 2.684614896129264294e-01
8.184205888194826002e+03 2.658736622051628418e-01
8.185205913352228890e+03 2.632783906736312907e-01
8.186205938509633597e+03 2.606763005245267273e-01
8.187205963667037395e+03 2.580680172640584247e-01
8.188205988824442102e+03 2.554541663984233879e-01
8.189206013981845899e+03 2.528353734338287251e-01
8.190206039139250606e+03 2.502122638764714968e-01
8.191206064296654404e+03 2.475854632325585336e-01
8.192206089454059111e+03 2.449555970082870626e-01
8.193206114611462908e+03 2.423232907098639699e-01
8.194206139768866706e+03 2.396891698434888696e-01
8.195206164926270503e+03 2.370538599153637904e-01
8.196206190083674301e+03 2.344179864316907336e-01
8.197206215241079917e+03 2.317821748986668706e-01
8.198206240398481896e+03 2.291470508225087743e-01
8.199206265555887512e+03 2.265132397093992112e-01
8.200206290713291310e+03 2.238813670655545318e-01
8.201206315870693288e+03 2.212520583971767929e-01
8.202206341028098905e+03 2.186259392104537569e-01
8.203206366185502702e+03 2.160036350116016912e-01
8.204206391342908319e+03 2.133857713068131601e-01
8.205206416500310297e+03 2.107729736023043754e-01
8.206206441657715914e+03 2.081658674042584645e-01
8.207206466815119711e+03 2.055650782188915282e-01
8.208206491972521690e+03 2.029712315524058175e-01
8.209206517129927306e+03 2.003849529109889560e-01
8.210206542287331104e+03 1.978068678008572667e-01
8.211206567444734901e+03 1.952376017282080600e-01
8.212206592602140518e+03 1.926777801992386185e-01
8.213206617759544315e+03 1.901280287201603525e-01
8.214206642916948113e+03 1.875889727971706555e-01
8.215206668074351910e+03 1.850612379364714732e-01
8.216206693231755708e+03 1.825454496442649177e-01
8.217206718389159505e+03 1.800422334267529623e-01
8.218206743546565122e+03 1.775522147901331116e-01
8.219206768703967100e+03 1.750760192406209670e-01
8.220206793861372716e+03 1.726142722844005717e-01
8.221206819018776514e+03 1.701675994276873327e-01
8.222206844176180311e+03 1.677366261766788935e-01
8.223206869333584109e+03 1.653219780375771997e-01
8.224206894490987906e+03 1.629242805165843633e-01
8.225206919648391704e+03 1.605441591199022744e-01
8.226206944805795501e+03 1.581822393537331284e-01
8.227206969963201118e+03 1.558391467242745687e-01
8.228206995120604915e+03 1.535155067377372284e-01
8.229207020278008713e+03 1.512119449003188343e-01
8.230207045435412510e+03 1.489290857031048132e-01
8.231207070592816308e+03 1.466673565490712039e-01
8.232207095750220105e+03 1.444267536920720019e-01
8.233207120907623903e+03 1.422072163557213664e-01
8.234207146065029519e+03 1.400086837636293213e-01
8.235207171222433317e+03 1.378310951394179640e-01
8.236207196379837114e+03 1.356743897066974014e-01
8.237207221537240912e+03 1.335385066890816819e-01
8.238207246694646528e+03 1.314233853101811067e-01
8.239207271852050326e+03 1.293289647936174402e-01
8.240207297009454123e+03 1.272551843630009283e-01
8.241207322166857921e+03 1.252019832419456191e-01
8.242207347324261718e+03 1.231693006540656166e-01
8.243207372481665516e+03 1.211570758229750383e-01
8.244207397639069313e+03 1.191652479722879188e-01
8.245207422796473111e+03 1.171937563256183895e-01
8.246207447953878727e+03 1.152425401065770016e-01
8.247207473111280706e+03 1.133115385387884338e-01
8.248207498268686322e+03 1.114006908458527317e-01
8.249207523426090120e+03 1.095099362513944491e-01
8.250207548583493917e+03 1.076392139790242064e-01
8.251207573740897715e+03 1.057884632523560520e-01
8.252207598898301512e+03 1.039576232950041451e-01
8.253207624055707129e+03 1.021466333305792312e-01
8.254207649213110926e+03 1.003554325827020061e-01
8.255207674370512905e+03 9.858396027498649017e-02
8.256207699527918521e+03 9.683215563103708678e-02
8.257207724685322319e+03 9.509995787447754478e-02
8.258207749842726116e+03 9.338730622891876221e-02
8.259207775000129914e+03 9.169413991797478736e-02
8.260207800157533711e+03 9.002039816525973792e-02
8.261207825314937509e+03 8.836602019438770383e-02
8.262207850472341306e+03 8.673094522897277503e-02
8.263207875629745104e+03 8.511511249262901369e-02
8.264207900787150720e+03 8.351846120896766479e-02
8.265207925944554518e+03 8.194093060160856368e-02
8.266207951101958315e+03 8.038245989416295534e-02
8.267207976259362113e+03 7.884298831024487419e-02
8.268208001416767729e+03 7.732245507346569013e-02
8.269208026574169708e+03 7.582079940744772262e-02
8.270208051731575324e+03 7.433796053579412588e-02
8.271208076888979122e+03 7.287387768212715000e-02
8.272208102046382919e+03 7.142849007005816486e-02
8.273208127203786717e+03 7.000173692320126040e-02
8.274208152361192333e+03 6.859355746516798691e-02
8.275208177518594312e+03 6.720389091958003935e-02
8.276208202675998109e+03 6.583267651004391652e-02
8.277208227833403726e+03 6.447985346017376385e-02
8.278208252990807523e+03 6.314536099358863952e-02
8.279208278148211321e+03 6.182913833390010078e-02
8.280208303305615118e+03 6.053112470472227918e-02
8.281208328463018915e+03 5.925125932966925774e-02
8.282208353620424532e+03 5.798948143235283653e-02
8.283208378777826510e+03 5.674573023639394725e-02
8.284208403935230308e+03 5.551994496539983115e-02
8.285208429092635924e+03 5.431206484298469611e-02
8.286208454250039722e+03 5.312202909276701052e-02
8.287208479407443519e+03 5.194977693835865773e-02
8.288208504564849136e+03 5.079524760337163908e-02
8.289208529722251114e+03 4.965838031142628256e-02
8.290208554879654912e+03 4.853911428613044698e-02
8.291208580037060528e+03 4.743738875109831249e-02
8.292208605194464326e+03 4.635314292994797275e-02
8.293208630351868123e+03 4.528631604629149848e-02
8.294208655509271921e+03 4.423684732374297962e-02
8.295208680666675718e+03 4.320467598591649916e-02
8.296208705824079516e+03 4.218974125642615397e-02
8.297208730981485132e+03 4.119198235888422988e-02
8.298208756138888930e+03 4.021133851690845279e-02
8.299208781296292727e+03 3.924774895411106690e-02
8.300208806453696525e+03 3.830115289410618296e-02
8.301208831611100322e+03 3.737148956050786314e-02
8.302208856768504120e+03 3.645869817693021125e-02
8.303208881925909736e+03 3.556271796698571436e-02
8.304208907083313534e+03 3.468348815429170284e-02
8.305208932240717331e+03 3.382094796246063600e-02
8.306208957398121129e+03 3.297503661510658990e-02
8.307208982555524926e+03 3.214569333584365446e-02
8.308209007712928724e+03 3.133285734828592656e-02
8.309209032870334340e+03 3.053646787604605284e-02
8.310209058027736319e+03 2.975646414274243923e-02
8.311209083185140116e+03 2.899278537198484926e-02
8.312209108342545733e+03 2.824537078738748389e-02
8.313209133499949530e+03 2.751415961256714615e-02
8.314209158657353328e+03 2.679909107113654515e-02
8.315209183814757125e+03 2.610010438670977082e-02
8.316209208972160923e+03 2.541713878290091308e-02
8.317209234129564720e+03 2.475013348332406882e-02
8.318209259286970337e+03 2.409902771159214835e-02
8.319209284444374134e+03 2.346376069132160777e-02
8.320209309601777932e+03 2.284427164612534700e-02
8.321209334759181729e+03 2.224049979961745249e-02
8.322209359916587346e+03 2.165238437541095601e-02
8.323209385073989324e+03 2.107986459712310467e-02
8.324209410231394941e+03 2.052287968836384244e-02
8.325209435388796919e+03 1.998136887275129767e-02
8.326209460546202536e+03 1.945527137389561900e-02
8.327209485703606333e+03 1.894452641541380725e-02
8.328209510861011950e+03 1.844907322091810312e-02
8.329209536018413928e+03 1.796885101402525414e-02
