1.615040629207556549e+03 2.817026863249822918e-02
1.625040880781597252e+03 4.964646899627592203e-02
1.635041132355637728e+03 7.532557066818323932e-02
1.645041383929678432e+03 1.021713336516119341e-01
1.655041635503719135e+03 1.330413791929083434e-01
1.665041887077759611e+03 1.648058036422824502e-01
1.672042063179588013e+03 1.851728942784984233e-01
1.677042188966608364e+03 1.988428480014095556e-01
1.685042390225841018e+03 2.195979735737763894e-01
1.695042641799881267e+03 2.508025684572125491e-01
1.705042893373921970e+03 2.800729599306759354e-01
1.715043144947962674e+03 3.001651922871386158e-01
1.725043396522003150e+03 3.335433129816963160e-01
1.735043648096043853e+03 3.839503355115786443e-01
1.745043899670084556e+03 4.368988558886695017e-01
1.755044151244125032e+03 4.915798251450650969e-01
1.765044402818165509e+03 5.496526776731224251e-01
1.775044654392206212e+03 6.070190660531968874e-01
1.785044905966246915e+03 6.716322217547554541e-01
1.795045157540287391e+03 7.469990311360813484e-01
1.805045409114327867e+03 8.313737328072791088e-01
1.815045660688368571e+03 9.235590222906366886e-01
1.825045912262409274e+03 1.028111837374681814e+00
1.835046163836449978e+03 1.154243872986679742e+00
1.845046415410490454e+03 1.283749624825516467e+00
1.855046666984530930e+03 1.429017483534957833e+00
1.865046918558571633e+03 1.628889550400693276e+00
1.875047170132612337e+03 1.755126367675989396e+00
1.885047421706652813e+03 1.916907322060124264e+00
1.895047673280693289e+03 2.295359102166775411e+00
1.905047924854733992e+03 2.680254716003132920e+00
1.915048176428774696e+03 3.123125077446752940e+00
1.925048428002815172e+03 3.670900164863009074e+00
1.935048679576855875e+03 4.305477601318314917e+00
1.945048931150896351e+03 5.104830003071135991e+00
1.955049182724937054e+03 6.018403021272114906e+00
1.967049484613785808e+03 7.306223336968108661e+00
1.976049711030422259e+03 8.418381150728787787e+00
1.984049912289654685e+03 9.458206611362179217e+00
1.995050189021099413e+03 1.103953310036078506e+01
2.005050440595139889e+03 1.251318634319972922e+01
2.015050692169180593e+03 1.391630824011788015e+01
2.025050943743221069e+03 1.529500441358086960e+01
2.035051195317261772e+03 1.651201422094164073e+01
2.045051446891302476e+03 1.750287519967731242e+01
2.055051698465343179e+03 1.837586438190158589e+01
2.065051950039383428e+03 1.901587922697556365e+01
2.074052176456019879e+03 1.946440026286913039e+01
2.078052277085636433e+03 1.966978456133208297e+01
2.085052453187464835e+03 1.988941569422975775e+01
2.095052704761505538e+03 1.999896101625732214e+01
2.105052956335546241e+03 2.014393748745027324e+01
2.115053207909586490e+03 2.037628874404730439e+01
2.125053459483627194e+03 2.047302241217080976e+01
2.135053711057667897e+03 2.045342807720272660e+01
2.145053962631708600e+03 2.045946572597217283e+01
2.155054214205748849e+03 2.045490883935884696e+01
2.165054465779789552e+03 2.046709918773048642e+01
2.175054717353830256e+03 2.040988821315613322e+01
2.185054968927870959e+03 2.033496819142853695e+01
2.195055220501911663e+03 2.040441998249445632e+01
2.205055472075951911e+03 2.012424002276463142e+01
2.215055723649992160e+03 1.967726153571191716e+01
2.225055975224032863e+03 1.937934922064496490e+01
2.235056226798073567e+03 1.886149896700857198e+01
2.245056478372114270e+03 1.857150399686194220e+01
2.255056729946154974e+03 1.844484702411181942e+01
2.265056981520195677e+03 1.829629113279035835e+01
2.275057233094235926e+03 1.809865535023694605e+01
2.285057484668277084e+03 1.782410875589189914e+01
2.295057736242317333e+03 1.763542034422331994e+01
2.305057987816357581e+03 1.744321392850698516e+01
2.315058239390398739e+03 1.717807629068331465e+01
2.325058490964438988e+03 1.692951039934306579e+01
2.335058742538479692e+03 1.667921317887862642e+01
2.345058994112520395e+03 1.641546750680810618e+01
2.355059245686561098e+03 1.622384568532271132e+01
2.365059497260601802e+03 1.603258426025505301e+01
2.375059748834642050e+03 1.576686506927278231e+01
2.385060000408682754e+03 1.551961926793361535e+01
2.395060251982723457e+03 1.526439555443560536e+01
2.405060503556763706e+03 1.501897848172796657e+01
2.415060755130804409e+03 1.473290750981531261e+01
2.425061006704845113e+03 1.429109875016570363e+01
2.435061258278885362e+03 1.396309990868632234e+01
2.445061509852926520e+03 1.357700303809044406e+01
2.455061761426966768e+03 1.299994545582479866e+01
2.465062013001007472e+03 1.239015377041754284e+01
2.475062264575048175e+03 1.179025304436238031e+01
2.485062516149088879e+03 1.117164572060306682e+01
2.495062767723129582e+03 1.063105146571307991e+01
2.505063019297169831e+03 1.007200754047378766e+01
2.513063220556402484e+03 9.544403988135890415e+00
2.518063346343422836e+03 9.223385646614248756e+00
2.525063522445250783e+03 8.778471627589427229e+00
2.535063774019291486e+03 8.146778919967376353e+00
2.545064025593332190e+03 7.569875281008529022e+00
2.555064277167372893e+03 7.031880544033271896e+00
2.565064528741413596e+03 6.488334343976602803e+00
2.575064780315454300e+03 5.969721112423276743e+00
2.585065031889494549e+03 5.475900170725241267e+00
2.595065283463535252e+03 5.007747117156541528e+00
2.605065535037575955e+03 4.563531936478944395e+00
2.615065786611616659e+03 4.150187785151027597e+00
2.625066038185656907e+03 3.769996775523146493e+00
2.635066289759697611e+03 3.404692883715102258e+00
2.645066541333738314e+03 3.072667149933198782e+00
2.655066792907779018e+03 2.772039350609256214e+00
2.665067044481819266e+03 2.492247076539526152e+00
2.675067296055859970e+03 2.252926951983157622e+00
2.685067547629900673e+03 2.037673825400318606e+00
2.695067799203941377e+03 1.836043252809940851e+00
2.705068050777981625e+03 1.649174231727503326e+00
2.715068302352022329e+03 1.481439870637532019e+00
2.725068553926063032e+03 1.343883470973189276e+00
2.735068805500103736e+03 1.212304494532821630e+00
2.745069057074144439e+03 1.090304693511803924e+00
2.755069308648185142e+03 9.861936745215083011e-01
2.765069560222225391e+03 8.886672114971153613e-01
2.775069811796266094e+03 8.031523114661076601e-01
2.785070063370306798e+03 7.258397992261109710e-01
2.795070314944347047e+03 6.583221752372571123e-01
2.805070566518387750e+03 5.974892185305930026e-01
2.815070818092428453e+03 5.424169876139121049e-01
2.825071069666469157e+03 4.943530502799770576e-01
2.835071321240509405e+03 4.477759473179666050e-01
2.845071572814550109e+03 4.079814026717026865e-01
2.855071824388590812e+03 3.753011610642972284e-01
2.865072075962631516e+03 3.456258709133989693e-01
2.875072327536672219e+03 3.148807632122665456e-01
2.885072579110712468e+03 2.869203400138949367e-01
2.895072830684753171e+03 2.672296728871451088e-01
2.910073208045814226e+03 2.336482344769447439e-01
2.930073711193895178e+03 1.984242091430903909e-01
2.950074214341976585e+03 1.681786484942588422e-01
2.970074717490057537e+03 1.450536299849472799e-01
2.990075220638138944e+03 1.268804028284279406e-01
3.010075723786220351e+03 1.087986480678606732e-01
3.030076226934301303e+03 9.720849030891434706e-02
3.050076730082382255e+03 8.439714758464993138e-02
3.070077233230463662e+03 7.089847633438882413e-02
3.090077736378544614e+03 5.812782106394092513e-02
3.110078239526626021e+03 5.116805799485986406e-02
3.130078742674707428e+03 4.441571401937749464e-02
3.150079245822788380e+03 3.898468722124263930e-02
3.170079748970869787e+03 3.444776797290358128e-02
3.190080252118950739e+03 2.990709327731259567e-02
3.210080755267032146e+03 2.850425659044044865e-02
3.230081258415113098e+03 2.548662080677739986e-02
3.250081761563194505e+03 2.357273815803705846e-02
3.270082264711275457e+03 2.145746777782982923e-02
3.290082767859356863e+03 1.934033013535286366e-02
3.310083271007438270e+03 1.732494512860342090e-02
3.322083572896286569e+03 1.597051295753728825e-02
3.323083598053690821e+03 1.584956865005411261e-02
3.324083623211095073e+03 1.573214891820674463e-02
3.325083648368498871e+03 1.562024916265170038e-02
3.326083673525903123e+03 1.551586478404532420e-02
3.327083698683306920e+03 1.542099118304416684e-02
3.328083723840711173e+03 1.533762376030460214e-02
3.329083748998114970e+03 1.526775791648315485e-02
3.330083774155519222e+03 1.521338862619711109e-02
3.331083799312923475e+03 1.517559006921672185e-02
3.332083824470327272e+03 1.515256690270218136e-02
3.333083849627731524e+03 1.514196638931340246e-02
3.334083874785135322e+03 1.514143579171033614e-02
3.335083899942539574e+03 1.514862237255290914e-02
3.336083925099943372e+03 1.516117339450105336e-02
3.337083950257347624e+03 1.517673612021471462e-02
3.338083975414751876e+03 1.519295781235381962e-02
3.339084000572155674e+03 1.520748573357830029e-02
3.340084025729559471e+03 1.521796745463691730e-02
3.341084050886963723e+03 1.522271090261943446e-02
3.342084076044367976e+03 1.522208038473611344e-02
3.343084101201772228e+03 1.521683934766716699e-02
3.344084126359176025e+03 1.520775123809281135e-02
3.345084151516580278e+03 1.519557950269324713e-02
3.346084176673984530e+03 1.518108758814869057e-02
3.347084201831388327e+03 1.516503894113935963e-02
3.348084226988792125e+03 1.514819700834545840e-02
3.349084252146196377e+03 1.513132523644718924e-02
3.350084277303600629e+03 1.511518698642759506e-02
3.351084302461004881e+03 1.510036345236649355e-02
3.352084327618408679e+03 1.508686897224526847e-02
3.353084352775812476e+03 1.507460794237515736e-02
3.354084377933216729e+03 1.506348475906741161e-02
3.355084403090620526e+03 1.505340381863328955e-02
3.356084428248024778e+03 1.504426951738402872e-02
3.357084453405428576e+03 1.503598625163089439e-02
3.358084478562832828e+03 1.502845841768511888e-02
3.359084503720237080e+03 1.502159041185796400e-02
3.360084528877640878e+03 1.501528666249054428e-02
3.361084554035045130e+03 1.500951912378747054e-02
3.362084579192449382e+03 1.500446971733267881e-02
3.363084604349853180e+03 1.500036105675713397e-02
3.364084629507257432e+03 1.499741575569179391e-02
3.365084654664661684e+03 1.499585642776762699e-02
3.366084679822065482e+03 1.499590568661559632e-02
3.367084704979469734e+03 1.499778614586666503e-02
3.368084730136873532e+03 1.500172041915179277e-02
3.369084755294277329e+03 1.500793112010194441e-02
3.370084780451682036e+03 1.501664063622926842e-02
3.371084805609085379e+03 1.502759855742566777e-02
3.372084830766489631e+03 1.503908542781537752e-02
3.373084855923893883e+03 1.504909730531508311e-02
3.374084881081297681e+03 1.505563024784148211e-02
3.375084906238701933e+03 1.505668031331127560e-02
3.376084931396106185e+03 1.505024355964115421e-02
3.377084956553509983e+03 1.503431604474782420e-02
3.378084981710914235e+03 1.500689382654796407e-02
3.379085006868318033e+03 1.496597296295829743e-02
3.380085032025722285e+03 1.490954995808606819e-02
3.381085057183126537e+03 1.483654664007456880e-02
3.382085082340530334e+03 1.474875781494025019e-02
3.383085107497934587e+03 1.464853422665517331e-02
3.384085132655338839e+03 1.453822661919151361e-02
3.385085157812742182e+03 1.442018573652152462e-02
3.386085182970146889e+03 1.429676232261706953e-02
3.387085208127550686e+03 1.417030712145056839e-02
3.388085233284954484e+03 1.404317087699404575e-02
3.389085258442358736e+03 1.391770433321957989e-02
3.390085283599762533e+03 1.379625791394142355e-02
3.391085308757167240e+03 1.368052350020063784e-02
3.392085333914570583e+03 1.357014982022952329e-02
3.393085359071974835e+03 1.346439054229144928e-02
3.394085384229379088e+03 1.336249933465014778e-02
3.395085409386782885e+03 1.326372986556928826e-02
3.396085434544187592e+03 1.316733580331236504e-02
3.397085459701591390e+03 1.307257081614318292e-02
3.398085484858995642e+03 1.297868857232523966e-02
3.399085510016399439e+03 1.288494274012224466e-02
3.400085535173803692e+03 1.279058706861022597e-02
3.401085560331207489e+03 1.269504018213022875e-02
3.402085585488611287e+03 1.259823185791330950e-02
3.403085610646015994e+03 1.250019063319541754e-02
3.404085635803419791e+03 1.240094504521277452e-02
3.405085660960823589e+03 1.230052363120132802e-02
3.406085686118227841e+03 1.219895492839707246e-02
3.407085711275632093e+03 1.209626747403609592e-02
3.408085736433035891e+03 1.199248980535448129e-02
3.409085761590439688e+03 1.188765045958822472e-02
3.410085786747843940e+03 1.178177797397331542e-02
3.411085811905248192e+03 1.167490088574584493e-02
3.412085837062651990e+03 1.156704773214189789e-02
3.413085862220056242e+03 1.145824705039741841e-02
3.414085887377460494e+03 1.134852737774849629e-02
3.415085912534864747e+03 1.123791725143116760e-02
3.416085937692268544e+03 1.112644520868152562e-02
3.417085962849672342e+03 1.101413978673555956e-02
3.418085988007076594e+03 1.090102952282925863e-02
3.419086013164480391e+03 1.078714295419876470e-02
