1.695042641799881267e+03 1.235454401262644941e+00
1.705042893373921970e+03 2.538748678593522268e+00
1.715043144947962674e+03 2.714759351072164595e+00
1.725043396522003150e+03 2.890763778787255323e+00
1.735043648096043853e+03 3.066768206483009518e+00
1.745043899670084556e+03 3.242768751604432786e+00
1.755044151244125032e+03 4.022060923776027863e+00
1.765044402818165509e+03 5.394092066658775941e+00
1.775044654392206212e+03 6.766126582610691997e+00
1.785044905966246915e+03 8.138161098568390983e+00
1.795045157540287391e+03 9.510195253249122516e+00
1.805045409114327867e+03 1.093672086148110978e+01
1.815045660688368571e+03 1.241675778187914858e+01
1.825045912262409274e+03 1.389679501483657376e+01
1.835046163836449978e+03 1.537683224779237534e+01
1.845046415410490454e+03 1.685686830968217365e+01
1.855046666984530930e+03 1.850849440013446312e+01
1.865046918558571633e+03 2.032853917766197327e+01
1.875047170132612337e+03 2.214858496413544486e+01
1.885047421706652813e+03 2.396863075061406789e+01
1.895047673280693289e+03 2.578867825227346344e+01
1.905047924854733992e+03 2.736440128895977608e+01
1.915048176428774696e+03 2.870043637088148003e+01
1.925048428002815172e+03 3.003646998117610778e+01
1.935048679576855875e+03 3.137250359146119294e+01
1.945048931150896351e+03 3.270853364568506549e+01
1.955049182724937054e+03 3.453737408455870650e+01
1.967049484613785808e+03 3.731184084270769574e+01
1.976049711030422259e+03 3.939269319023362925e+01
1.984049912289654685e+03 4.124233972136459414e+01
1.995050189021099413e+03 4.378561072458507653e+01
2.005050440595139889e+03 4.515019323371517146e+01
2.015050692169180593e+03 4.558621017856482638e+01
2.025050943743221069e+03 4.602222114720444068e+01
2.035051195317261772e+03 4.645823211582778356e+01
2.045051446891302476e+03 4.689424053981419149e+01
2.055051698465343179e+03 4.766467864804201326e+01
2.065051950039383428e+03 4.876270411432842877e+01
2.074052176456019879e+03 4.975092897487098043e+01
2.078052277085636433e+03 5.019014002400287922e+01
2.085052453187464835e+03 5.095875935998152784e+01
2.095052704761505538e+03 5.205678587046806172e+01
2.105052956335546241e+03 5.329730891315946195e+01
2.115053207909586490e+03 5.467734269152473559e+01
2.125053459483627194e+03 5.605737740874054964e+01
2.135053711057667897e+03 5.743741212596545154e+01
2.145053962631708600e+03 5.881745067819644390e+01
2.155054214205748849e+03 5.971833882995547071e+01
2.165054465779789552e+03 6.015035292168073511e+01
2.175054717353830256e+03 6.058236378968546632e+01
2.185054968927870959e+03 6.101437465769568291e+01
2.195055220501911663e+03 6.144639166258555463e+01
2.205055472075951911e+03 6.113018138861740880e+01
2.215055723649992160e+03 6.008216016147098770e+01
2.225055975224032863e+03 5.903413379652135262e+01
2.235056226798073567e+03 5.798610743155885672e+01
2.245056478372114270e+03 5.693807946935017839e+01
2.255056729946154974e+03 5.608018907944416753e+01
2.265056981520195677e+03 5.540817084184540420e+01
2.275057233094235926e+03 5.473615393606734614e+01
2.285057484668277084e+03 5.406413703029516427e+01
2.295057736242317333e+03 5.339212190791126744e+01
2.305057987816357581e+03 5.251272423721627547e+01
2.315058239390398739e+03 5.143069849795602266e+01
2.325058490964438988e+03 5.034867127764769634e+01
2.335058742538479692e+03 4.926664405732214647e+01
2.345058994112520395e+03 4.818460927795106841e+01
2.355059245686561098e+03 4.796165578668873763e+01
2.365059497260601802e+03 4.857766503126504176e+01
2.375059748834642050e+03 4.919368052821394599e+01
2.385060000408682754e+03 4.980969602517544104e+01
2.395060251982723457e+03 5.042571183180994865e+01
2.405060503556763706e+03 5.100731533979176646e+01
2.415060755130804409e+03 5.155532938116759567e+01
2.425061006704845113e+03 5.210334316742551408e+01
2.435061258278885362e+03 5.265135695368946500e+01
2.445061509852926520e+03 5.319937418581203303e+01
2.455061761426966768e+03 5.337281135311069846e+01
2.465062013001007472e+03 5.318080935037524171e+01
2.475062264575048175e+03 5.298880452015907849e+01
2.485062516149088879e+03 5.279679968993735173e+01
2.495062767723129582e+03 5.260479478356545968e+01
2.505063019297169831e+03 5.242089092260616212e+01
2.513063220556402484e+03 5.228008731820897026e+01
2.518063346343422836e+03 5.219208510435575477e+01
2.525063522445250783e+03 5.206888200496358365e+01
2.535063774019291486e+03 5.189287757726172146e+01
2.545064025593332190e+03 5.171687381085578750e+01
2.555064277167372893e+03 5.147199401405444519e+01
2.565064528741413596e+03 5.115998670326686693e+01
2.575064780315454300e+03 5.084797885415783014e+01
2.585065031889494549e+03 5.053597100505309214e+01
2.595065283463535252e+03 5.022396595667027697e+01
2.605065535037575955e+03 4.962625685981723933e+01
2.615065786611616659e+03 4.875023709281803264e+01
2.625066038185656907e+03 4.787421505493645668e+01
2.635066289759697611e+03 4.699819301705765184e+01
2.645066541333738314e+03 4.612217475083453166e+01
2.655066792907779018e+03 4.486917650285715808e+01
2.665067044481819266e+03 4.324913879393944427e+01
2.675067296055859970e+03 4.162909803895068706e+01
2.685067547629900673e+03 4.000905728396512018e+01
2.695067799203941377e+03 3.838902127806862552e+01
2.705068050777981625e+03 3.630372489215808685e+01
2.715068302352022329e+03 3.376566486304942316e+01
2.725068553926063032e+03 3.122760101356520224e+01
2.735068805500103736e+03 2.868953716407644094e+01
2.745069057074144439e+03 2.615147477115745289e+01
2.755069308648185142e+03 2.347349537926648111e+01
2.765069560222225391e+03 2.065942575346353749e+01
2.775069811796266094e+03 1.784535496053072023e+01
2.785070063370306798e+03 1.503128416758198149e+01
2.795070314944347047e+03 1.221720617377346052e+01
2.805070566518387750e+03 1.008159012927033338e+01
2.815070818092428453e+03 8.605547249568559209e+00
2.825071069666469157e+03 7.129510117229152399e+00
2.835071321240509405e+03 5.653472984890008490e+00
2.845071572814550109e+03 4.177430168595778426e+00
2.855071824388590812e+03 3.226844245847183767e+00
2.865072075962631516e+03 2.786828657652860475e+00
2.875072327536672219e+03 2.346817588386422404e+00
2.885072579110712468e+03 1.906806519123741772e+00
2.895072830684753171e+03 1.466792866667570250e+00
2.910073208045814226e+03 1.272161054870989849e+00
2.930073711193895178e+03 1.316162164626570652e+00
2.950074214341976585e+03 1.360480399971767840e+00
2.970074717490057537e+03 1.556732231402563116e+00
2.990075220638138944e+03 1.752737146671581536e+00
