5.430136604704044657e+03 1.469716882925883004e-02
5.431136629861449364e+03 1.541942547256876239e-02
5.432136655018853162e+03 1.616087671168820947e-02
5.433136680176256959e+03 1.692148174344488762e-02
5.434136705333660757e+03 1.770119976466588002e-02
5.435136730491065464e+03 1.849998997217897415e-02
5.436136755648469261e+03 1.931781156280980641e-02
5.437136780805873968e+03 2.015462373338692409e-02
5.438136805963277766e+03 2.101038568073587340e-02
5.439136831120681563e+03 2.188505660168449038e-02
5.440136856278085361e+03 2.277859569305983392e-02
5.441136881435489158e+03 2.369096215168898026e-02
5.442136906592893865e+03 2.462211517439985564e-02
5.443136931750297663e+03 2.557201395801782587e-02
5.444136956907701460e+03 2.654061769937082066e-02
5.445136982065105258e+03 2.752788559528589196e-02
5.446137007222509965e+03 2.853377684259104929e-02
5.447137032379913762e+03 2.955825063811151968e-02
5.448137057537318469e+03 3.060126617867624590e-02
5.449137082694722267e+03 3.166278266111040296e-02
5.450137107852126064e+03 3.274275928224198995e-02
5.451137133009529862e+03 3.384115523889809352e-02
5.452137158166934569e+03 3.495792972790679604e-02
5.453137183324338366e+03 3.609304194609314065e-02
5.454137208481743073e+03 3.724645109028627138e-02
5.455137233639146871e+03 3.841811635731114116e-02
5.456137258796550668e+03 3.960799694399588788e-02
5.457137283953954466e+03 4.081605204716756002e-02
5.458137309111358263e+03 4.204224086365324076e-02
5.459137334268762061e+03 4.328652259027999244e-02
5.460137359426166768e+03 4.454885642387604316e-02
5.461137384583571475e+03 4.582920156126735201e-02
5.462137409740975272e+03 4.712751719927978089e-02
5.463137434898379070e+03 4.844376253474157873e-02
5.464137460055782867e+03 4.977789676447980094e-02
5.465137485213186665e+03 5.112987908532151682e-02
5.466137510370591372e+03 5.249966869409506548e-02
5.467137535527995169e+03 5.388722478762500434e-02
5.468137560685398967e+03 5.529250656273967252e-02
5.469137585842803674e+03 5.671547321626741606e-02
5.470137611000207471e+03 5.815608394503272299e-02
5.471137636157611269e+03 5.961429794586396019e-02
5.472137661315015066e+03 6.109007441558819002e-02
5.473137686472419773e+03 6.258337255103385566e-02
5.474137711629823571e+03 6.409415154902529943e-02
5.475137736787228278e+03 6.562237060639235231e-02
5.476137761944632075e+03 6.716798891995931498e-02
5.477137787102035873e+03 6.873096568655458205e-02
5.478137812259439670e+03 7.031126010300532692e-02
5.479137837416844377e+03 7.190883136613998583e-02
5.480137862574248174e+03 7.352363867278276233e-02
5.481137887731651972e+03 7.515564121976217593e-02
5.482137912889055769e+03 7.680479820390528900e-02
5.483137938046459567e+03 7.847106882203917777e-02
5.484137963203864274e+03 8.015441227099244503e-02
5.485137988361268071e+03 8.185478774758910003e-02
5.486138013518671869e+03 8.357215444865775944e-02
5.487138038676076576e+03 8.530647157102705380e-02
5.488138063833480373e+03 8.705769831152089522e-02
5.489138088990884171e+03 8.882579386696795587e-02
5.490138114148288878e+03 9.061071743419688018e-02
5.491138139305692675e+03 9.241242821003155250e-02
5.492138164463096473e+03 9.423088539130063113e-02
5.493138189620500270e+03 9.606604817483119230e-02
5.494138214777904977e+03 9.791787575745197758e-02
5.495138239935308775e+03 9.978632733598674642e-02
5.496138265092712572e+03 1.016713621072641849e-01
5.497138290250117279e+03 1.035729392681131178e-01
5.498138315407521077e+03 1.054910180153571658e-01
5.499138340564924874e+03 1.074255575458251261e-01
5.500138365722328672e+03 1.093765170563440609e-01
5.501138390879733379e+03 1.113438557437428367e-01
5.502138416037137176e+03 1.133275328048449493e-01
5.503138441194541883e+03 1.153275074364810693e-01
5.504138466351945681e+03 1.173437388354746508e-01
5.505138491509349478e+03 1.193761861986545741e-01
5.506138516666753276e+03 1.214248087228478601e-01
5.507138541824157983e+03 1.234895656048835277e-01
5.508138566981561780e+03 1.255704160415848647e-01
5.509138592138965578e+03 1.276673192297808068e-01
5.510138617296370285e+03 1.297802343663003732e-01
5.511138642453774082e+03 1.319091206479667266e-01
5.512138667611177880e+03 1.340539372716089694e-01
5.513138692768582587e+03 1.362146434340560652e-01
5.514138717925985475e+03 1.383911983321292061e-01
5.515138743083390182e+03 1.405835611626632953e-01
5.516138768240793979e+03 1.427916911224795526e-01
5.517138793398198686e+03 1.450155474084089957e-01
5.518138818555602484e+03 1.472550892172747039e-01
5.519138843713006281e+03 1.495102757459056964e-01
5.520138868870410079e+03 1.517810661911291048e-01
5.521138894027814786e+03 1.540674197497740316e-01
5.522138919185218583e+03 1.563692956186634175e-01
5.523138944342622381e+03 1.586866529946264759e-01
5.524138969500027088e+03 1.610194510744922258e-01
5.525138994657430885e+03 1.633676490550836913e-01
5.526139019814834683e+03 1.657312061332299469e-01
5.527139044972238480e+03 1.681100815057581244e-01
5.528139070129643187e+03 1.705042343694974094e-01
5.529139095287046985e+03 1.729136239212705484e-01
5.530139120444450782e+03 1.753382092265078074e-01
5.531139145601854580e+03 1.777778777394615206e-01
5.532139170759259287e+03 1.802323269729598221e-01
5.533139195916663084e+03 1.827012233022879684e-01
5.534139221074066882e+03 1.851842331027379607e-01
5.535139246231471589e+03 1.876810227496019390e-01
5.536139271388875386e+03 1.901912586181650211e-01
5.537139296546279184e+03 1.927146070837192637e-01
5.538139321703682981e+03 1.952507345215544476e-01
5.539139346861087688e+03 1.977993073069626018e-01
5.540139372018491486e+03 2.003599918152289272e-01
5.541139397175895283e+03 2.029324544216455084e-01
5.542139422333299080e+03 2.055163615015020429e-01
5.543139447490703787e+03 2.081113794300907260e-01
5.544139472648107585e+03 2.107171745826965370e-01
5.545139497805512292e+03 2.133334133346140304e-01
5.546139522962916089e+03 2.159597620611281854e-01
5.547139548120319887e+03 2.185958871375311696e-01
5.548139573277723684e+03 2.212414549391126806e-01
5.549139598435128391e+03 2.238961318411649692e-01
5.550139623592532189e+03 2.265595842189729592e-01
5.551139648749935986e+03 2.292314784478288181e-01
5.552139673907339784e+03 2.319114809030222990e-01
5.553139699064744491e+03 2.345992579598456529e-01
5.554139724222148288e+03 2.372944759935836923e-01
5.555139749379552086e+03 2.399968013795286681e-01
5.556139774536955883e+03 2.427059004929703334e-01
5.557139799694360590e+03 2.454214397092009392e-01
5.558139824851764388e+03 2.481430854035052702e-01
5.559139850009169095e+03 2.508705039511781032e-01
5.560139875166572892e+03 2.536033617275041396e-01
5.561139900323976690e+03 2.563413251077757415e-01
5.562139925481380487e+03 2.590840604672826619e-01
5.563139950638785194e+03 2.618312341813170407e-01
5.564139975796188992e+03 2.645825126251638015e-01
5.565140000953592789e+03 2.673375621741150843e-01
5.566140026110996587e+03 2.700960492034607530e-01
5.567140051268401294e+03 2.728576400884929476e-01
5.568140076425805091e+03 2.756220012044965362e-01
5.569140101583209798e+03 2.783887989267662677e-01
5.570140126740613596e+03 2.811576996305868992e-01
5.571140151898017393e+03 2.839283696912507371e-01
5.572140177055422100e+03 2.867004754840498659e-01
5.573140202212825898e+03 2.894736833842693202e-01
5.574140227370229695e+03 2.922476597672011289e-01
5.575140252527633493e+03 2.950220710081352116e-01
5.576140277685038200e+03 2.977965834823637081e-01
5.577140302842441997e+03 3.005708635651714866e-01
5.578140327999845795e+03 3.033445776318507980e-01
5.579140353157249592e+03 3.061173920576912844e-01
5.580140378314654299e+03 3.088889732179844749e-01
5.581140403472058097e+03 3.116589874874627353e-01
5.582140428629461894e+03 3.144271012394102005e-01
5.583140453786866601e+03 3.171929808468731959e-01
5.584140478944270399e+03 3.199562926828902754e-01
5.585140504101674196e+03 3.227167031205076531e-01
5.586140529259077994e+03 3.254738785327692119e-01
5.587140554416481791e+03 3.282274852927185016e-01
5.588140579573886498e+03 3.309771897734017365e-01
5.589140604731290296e+03 3.337226583478578035e-01
5.590140629888694093e+03 3.364635573891326947e-01
5.591140655046098800e+03 3.391995532702727356e-01
5.592140680203502598e+03 3.419303123643165909e-01
5.593140705360906395e+03 3.446555010443104750e-01
5.594140730518311102e+03 3.473747856833006575e-01
5.595140755675714900e+03 3.500878326543258034e-01
5.596140780833118697e+03 3.527943083304321825e-01
5.597140805990522495e+03 3.554938790846634000e-01
5.598140831147926292e+03 3.581862112900632278e-01
5.599140856305330999e+03 3.608709713196778801e-01
5.600140881462734797e+03 3.635478255465460218e-01
5.601140906620139504e+03 3.662164403437163651e-01
5.602140931777543301e+03 3.688764820842277969e-01
5.603140956934948008e+03 3.715276171411287520e-01
5.604140982092351805e+03 3.741695118874581172e-01
5.605141007249755603e+03 3.768018326962621622e-01
5.606141032407159400e+03 3.794242459405844370e-01
5.607141057564563198e+03 3.820364179934687687e-01
5.608141082721967905e+03 3.846380152279612052e-01
5.609141107879371702e+03 3.872287040171005223e-01
5.610141133036775500e+03 3.898081507339331564e-01
5.611141158194180207e+03 3.923760217515050441e-01
5.612141183351584004e+03 3.949319834428550724e-01
5.613141208508987802e+03 3.974757021810292890e-01
5.614141233666391599e+03 4.000068443390715767e-01
5.615141258823795397e+03 4.025250762900256518e-01
5.616141283981200104e+03 4.050300644069372846e-01
5.617141309138603901e+03 4.075214750628458060e-01
5.618141334296007699e+03 4.099989746307971528e-01
5.619141359453412406e+03 4.124622294838373171e-01
5.620141384610816203e+03 4.149109059950055189e-01
5.621141409768220001e+03 4.173446705373476395e-01
5.622141434925624708e+03 4.197631894839096156e-01
5.623141460083028505e+03 4.221661292077308336e-01
5.624141485240432303e+03 4.245531560818571193e-01
5.625141510397837010e+03 4.269239364793343539e-01
5.626141535555240807e+03 4.292781367732020903e-01
5.627141560712644605e+03 4.316154233365058768e-01
5.628141585870048402e+03 4.339354625422897072e-01
5.629141611027453109e+03 4.362379207635993517e-01
5.630141636184856907e+03 4.385224645735082416e-01
5.631141661342260704e+03 4.407888645044090725e-01
5.632141686499665411e+03 4.430371648415973862e-01
5.633141711657069209e+03 4.452674543984155853e-01
5.634141736814473006e+03 4.474798219882126782e-01
5.635141761971876804e+03 4.496743564243351199e-01
5.636141787129281511e+03 4.518511465201316413e-01
5.637141812286685308e+03 4.540102810889449225e-01
5.638141837444089106e+03 4.561518489441237501e-01
5.639141862601493813e+03 4.582759388990165772e-01
5.640141887758897610e+03 4.603826397669661952e-01
5.641141912916301408e+03 4.624720403613213904e-01
5.642141938073706115e+03 4.645442294954305051e-01
5.643141963231109912e+03 4.665992959826366637e-01
5.644141988388513710e+03 4.686373286362882085e-01
5.645142013545917507e+03 4.706584162697320384e-01
5.646142038703322214e+03 4.726626476963164403e-01
5.647142063860726012e+03 4.746501117293845384e-01
5.648142089018129809e+03 4.766208971822848417e-01
5.649142114175533607e+03 4.785750928683640271e-01
5.650142139332938314e+03 4.805127876009704924e-01
5.651142164490342111e+03 4.824340701934474174e-01
5.652142189647745909e+03 4.843390294591432554e-01
5.653142214805149706e+03 4.862277542114046835e-01
5.654142239962554413e+03 4.881003332635799885e-01
5.655142265119958211e+03 4.899568554290125166e-01
5.656142290277362008e+03 4.917974095210506102e-01
5.657142315434766715e+03 4.936220843530426672e-01
5.658142340592170513e+03 4.954309687383319782e-01
5.659142365749575220e+03 4.972241514902685511e-01
5.660142390906978108e+03 4.990017214221941222e-01
5.661142416064382815e+03 5.007637673474619744e-01
5.662142441221786612e+03 5.025103780794135666e-01
5.663142466379191319e+03 5.042416424313993506e-01
5.664142491536595116e+03 5.059576492167625617e-01
5.665142516693998914e+03 5.076584872488512090e-01
5.666142541851402711e+03 5.093442453410123028e-01
5.667142567008807418e+03 5.110150123065939631e-01
5.668142592166211216e+03 5.126708769589397585e-01
5.669142617323615013e+03 5.143119281113979202e-01
5.670142642481018811e+03 5.159382545773150142e-01
5.671142667638423518e+03 5.175499451700393827e-01
5.672142692795827315e+03 5.191470887029145942e-01
5.673142717953231113e+03 5.207297739892888799e-01
5.674142743110634910e+03 5.222980898425089169e-01
5.675142768268039617e+03 5.238521250759227144e-01
5.676142793425443415e+03 5.253919685028741737e-01
5.677142818582847212e+03 5.269177089367115263e-01
5.678142843740251919e+03 5.284294351907825593e-01
5.679142868897656626e+03 5.299272360784327285e-01
5.680142894055059514e+03 5.314112004129907252e-01
5.681142919212464221e+03 5.328814170000305550e-01
5.682142944369868019e+03 5.343379746247505224e-01
5.683142969527271816e+03 5.357809620690533459e-01
5.684142994684675614e+03 5.372104681148415217e-01
5.685143019842080321e+03 5.386265815440178795e-01
5.686143044999484118e+03 5.400293911384820289e-01
5.687143070156887916e+03 5.414189856801371326e-01
5.688143095314292623e+03 5.427954539508860199e-01
5.689143120471696420e+03 5.441588847326286338e-01
5.690143145629100218e+03 5.455093668072679147e-01
5.691143170786504015e+03 5.468469889567058040e-01
5.692143195943908722e+03 5.481718399628454641e-01
5.693143221101312520e+03 5.494840086075862828e-01
5.694143246258716317e+03 5.507835836728316448e-01
5.695143271416121024e+03 5.520706539404844904e-01
5.696143296573524822e+03 5.533453081924444295e-01
5.697143321730928619e+03 5.546076352106146246e-01
5.698143346888333326e+03 5.558577237768980162e-01
5.699143372045737124e+03 5.570956626731944361e-01
5.700143397203140921e+03 5.583215406814068249e-01
5.701143422360545628e+03 5.595354465834382340e-01
5.702143447517949426e+03 5.607374691611883843e-01
5.703143472675353223e+03 5.619276971965604384e-01
5.704143497832757021e+03 5.631062194714562263e-01
5.705143522990161728e+03 5.642731247677786888e-01
5.706143548147565525e+03 5.654285018674277685e-01
5.707143573304970232e+03 5.665724395523072943e-01
5.708143598462373120e+03 5.677050266043162097e-01
5.709143623619776918e+03 5.688263518053595647e-01
5.710143648777181625e+03 5.699365039373393005e-01
5.711143673934585422e+03 5.710355717821553601e-01
5.712143699091990129e+03 5.721236441217115720e-01
5.713143724249393927e+03 5.732008097379078793e-01
5.714143749406798634e+03 5.742671574126482215e-01
5.715143774564201522e+03 5.753227759278317643e-01
5.716143799721606229e+03 5.763677540653638909e-01
5.717143824879010026e+03 5.774021806071440999e-01
5.718143850036414733e+03 5.784261443350759979e-01
5.719143875193817621e+03 5.794397340310587508e-01
5.720143900351222328e+03 5.804430384769979634e-01
5.721143925508626126e+03 5.814361464547929126e-01
5.722143950666030833e+03 5.824191467463472049e-01
5.723143975823434630e+03 5.833921281335611164e-01
5.724144000980838427e+03 5.843551793983373654e-01
5.725144026138242225e+03 5.853083893225780043e-01
5.726144051295646932e+03 5.862518466881856405e-01
5.727144076453050729e+03 5.871856402770606609e-01
5.728144101610454527e+03 5.881098588711057840e-01
5.729144126767858324e+03 5.890245912522228400e-01
5.730144151925263031e+03 5.899299261903916403e-01
5.731144177082666829e+03 5.908259465410200528e-01
5.732144202240070626e+03 5.917127196970675129e-01
5.733144227397474424e+03 5.925903105559811035e-01
5.734144252554879131e+03 5.934587840152081295e-01
5.735144277712282928e+03 5.943182049721942306e-01
5.736144302869687635e+03 5.951686383243873779e-01
5.737144328027091433e+03 5.960101489692329890e-01
5.738144353184495230e+03 5.968428018041788130e-01
5.739144378341899937e+03 5.976666617266723769e-01
5.740144403499303735e+03 5.984817936341587652e-01
5.741144428656707532e+03 5.992882624240858380e-01
5.742144453814111330e+03 6.000861329939002342e-01
5.743144478971516037e+03 6.008754702410497028e-01
5.744144504128919834e+03 6.016563390629793284e-01
5.745144529286323632e+03 6.024288043571369711e-01
5.746144554443728339e+03 6.031929310209699358e-01
5.747144579601132136e+03 6.039487839519237511e-01
5.748144604758535934e+03 6.046964280474459441e-01
5.749144629915939731e+03 6.054359282049832647e-01
5.750144655073344438e+03 6.061673493219832398e-01
5.751144680230748236e+03 6.068907562958912871e-01
5.752144705388152033e+03 6.076062140241550447e-01
5.753144730545556740e+03 6.083137874042219284e-01
5.754144755702960538e+03 6.090135413335375780e-01
5.755144780860364335e+03 6.097055407095490764e-01
5.756144806017768133e+03 6.103898504297037286e-01
5.757144831175172840e+03 6.110665353914485065e-01
5.758144856332576637e+03 6.117356604922296048e-01
5.759144881489980435e+03 6.123972906294938845e-01
5.760144906647384232e+03 6.130514907006883174e-01
5.761144931804788939e+03 6.136983256032604306e-01
5.762144956962192737e+03 6.143378602346560857e-01
5.763144982119597444e+03 6.149701594923228098e-01
5.764145007277001241e+03 6.155952882737064646e-01
5.765145032434405039e+03 6.162133114762545771e-01
5.766145057591808836e+03 6.168242939974138972e-01
5.767145082749213543e+03 6.174283007346316188e-01
5.768145107906617341e+03 6.180253965853537146e-01
5.769145133064021138e+03 6.186156464470273786e-01
5.770145158221424936e+03 6.191991152170995827e-01
5.771145183378829643e+03 6.197758677930176319e-01
5.772145208536233440e+03 6.203459690722272768e-01
5.773145233693637238e+03 6.209094839521758225e-01
5.774145258851041035e+03 6.214664773303101297e-01
5.775145284008445742e+03 6.220170141040776146e-01
5.776145309165849540e+03 6.225611591709239168e-01
5.777145334323253337e+03 6.230989774282965632e-01
5.778145359480658044e+03 6.236305337736426369e-01
5.779145384638061842e+03 6.241558931044082215e-01
5.780145409795465639e+03 6.246751203178160239e-01
5.781145434952870346e+03 6.251882802022931118e-01
5.782145460110274144e+03 6.256954372628645844e-01
5.783145485267677941e+03 6.261966559589974279e-01
5.784145510425081739e+03 6.266920007501582957e-01
5.785145535582486445e+03 6.271815360958140628e-01
5.786145560739890243e+03 6.276653264554303835e-01
5.787145585897294040e+03 6.281434362884741329e-01
5.788145611054698747e+03 6.286159300544120754e-01
5.789145636212102545e+03 6.290828722127100869e-01
5.790145661369506342e+03 6.295443272228348208e-01
5.791145686526910140e+03 6.300003595442530413e-01
5.792145711684313937e+03 6.304510336364311796e-01
5.793145736841718644e+03 6.308964139588358888e-01
5.794145761999122442e+03 6.313365649709330452e-01
5.795145787156527149e+03 6.317715511321898569e-01
5.796145812313930946e+03 6.322014369020720892e-01
5.797145837471334744e+03 6.326262867400465062e-01
5.798145862628739451e+03 6.330461651055799832e-01
5.799145887786143248e+03 6.334611364581385073e-01
5.800145912943547046e+03 6.338712652571886208e-01
5.801145938100950843e+03 6.342766159621970878e-01
5.802145963258355550e+03 6.346772530326303396e-01
5.803145988415759348e+03 6.350732409279544743e-01
5.804146013573163145e+03 6.354646441076363672e-01
5.805146038730567852e+03 6.358515270311427825e-01
5.806146063887971650e+03 6.362339541579392632e-01
5.807146089045375447e+03 6.366119899474930177e-01
5.808146114202779245e+03 6.369856988592702551e-01
5.809146139360183042e+03 6.373551453527376287e-01
5.810146164517587749e+03 6.377203938873617917e-01
5.811146189674991547e+03 6.380815089226087311e-01
5.812146214832395344e+03 6.384385549179451003e-01
5.813146239989800051e+03 6.387915963328379965e-01
5.814146265147203849e+03 6.391406976267529627e-01
5.815146290304607646e+03 6.394859232591568743e-01
5.816146315462012353e+03 6.398273376895166065e-01
5.817146340619416151e+03 6.401650053772980353e-01
5.818146365776820858e+03 6.404989907819679251e-01
5.819146390934224655e+03 6.408293583629925960e-01
5.820146416091628453e+03 6.411561725798387013e-01
5.821146441249032250e+03 6.414794978919726720e-01
5.822146466406436048e+03 6.417993987588609395e-01
5.823146491563840755e+03 6.421159396399703789e-01
5.824146516721244552e+03 6.424291849947668664e-01
5.825146541878648350e+03 6.427391992827171663e-01
5.826146567036053057e+03 6.430460469632881537e-01
5.827146592193456854e+03 6.433497924959454828e-01
5.828146617350860652e+03 6.436505003401561398e-01
5.829146642508264449e+03 6.439482349553865559e-01
5.830146667665669156e+03 6.442430607817707378e-01
5.831146692823072954e+03 6.445350330976403752e-01
5.832146717980476751e+03 6.448241834020060903e-01
5.833146743137881458e+03 6.451105393860016024e-01
5.834146768295285256e+03 6.453941287407597427e-01
5.835146793452689053e+03 6.456749791574142305e-01
5.836146818610093760e+03 6.459531183270984522e-01
5.837146843767497558e+03 6.462285739409454610e-01
5.838146868924901355e+03 6.465013736900889763e-01
5.839146894082305153e+03 6.467715452656621622e-01
5.840146919239709860e+03 6.470391163587986272e-01
5.841146944397113657e+03 6.473041146606315355e-01
5.842146969554517455e+03 6.475665678622940513e-01
5.843146994711921252e+03 6.478265036549198941e-01
5.844147019869325959e+03 6.480839497296423390e-01
5.845147045026729757e+03 6.483389337775946615e-01
5.846147070184133554e+03 6.485914834899102477e-01
5.847147095341538261e+03 6.488416265577228170e-01
5.848147120498942058e+03 6.490893906721650897e-01
5.849147145656345856e+03 6.493348035243708960e-01
5.850147170813749653e+03 6.495778928054732893e-01
5.851147195971154360e+03 6.498186862066062108e-01
5.852147221128558158e+03 6.500572114189022699e-01
5.853147246285962865e+03 6.502934961334955188e-01
5.854147271443366662e+03 6.505275680415187889e-01
5.855147296600770460e+03 6.507594548341055773e-01
5.856147321758175167e+03 6.509891842023897146e-01
5.857147346915578964e+03 6.512167838375038098e-01
5.858147372072982762e+03 6.514422814305818044e-01
5.859147397230386559e+03 6.516657046727566405e-01
5.860147422387790357e+03 6.518870812551621485e-01
5.861147447545195064e+03 6.521064388689316038e-01
5.862147472702598861e+03 6.523238052051979485e-01
5.863147497860002659e+03 6.525392079550949020e-01
5.864147523017406456e+03 6.527526748097557396e-01
5.865147548174811163e+03 6.529642334603140696e-01
5.866147573332214961e+03 6.531739115979028343e-01
5.867147598489618758e+03 6.533817369136557529e-01
5.868147623647023465e+03 6.535877370987061008e-01
5.869147648804427263e+03 6.537919398441870422e-01
5.870147673961831060e+03 6.539943728412320745e-01
5.871147699119235767e+03 6.541950637809746949e-01
5.872147724276639565e+03 6.543940403545481788e-01
5.873147749434043362e+03 6.545913302530856903e-01
5.874147774591447160e+03 6.547869611677209489e-01
5.875147799748851867e+03 6.549809607895872299e-01
5.876147824906255664e+03 6.551733568098175864e-01
5.877147850063659462e+03 6.553641769195457378e-01
5.878147875221064169e+03 6.555534488099051815e-01
5.879147900378467966e+03 6.557412001720286376e-01
5.880147925535871764e+03 6.559274586989384259e-01
5.881147950693275561e+03 6.561122529585907692e-01
5.882147975850680268e+03 6.562956137816444713e-01
5.883148001008084066e+03 6.564775723596770751e-01
5.884148026165487863e+03 6.566581598842666789e-01
5.885148051322892570e+03 6.568374075469913809e-01
5.886148076480296368e+03 6.570153465394285019e-01
5.887148101637700165e+03 6.571920080531565844e-01
5.888148126795103963e+03 6.573674232797530603e-01
5.889148151952508670e+03 6.575416234107962499e-01
5.890148177109912467e+03 6.577146396378636961e-01
5.891148202267316265e+03 6.578865031525332752e-01
5.892148227424720972e+03 6.580572451463834183e-01
5.893148252582124769e+03 6.582268968109914464e-01
5.894148277739528567e+03 6.583954893379353468e-01
5.895148302896933274e+03 6.585630539187935506e-01
5.896148328054337071e+03 6.587296217451432678e-01
5.897148353211740869e+03 6.588952240085627077e-01
5.898148378369145576e+03 6.590598919006299683e-01
5.899148403526548464e+03 6.592236566129224817e-01
5.900148428683953171e+03 6.593865493370187902e-01
5.901148453841357878e+03 6.595486012644962148e-01
5.902148478998761675e+03 6.597098435869328537e-01
5.903148504156165473e+03 6.598703074959066939e-01
5.904148529313569270e+03 6.600300241829955006e-01
5.905148554470973068e+03 6.601890248397772609e-01
5.906148579628376865e+03 6.603473406578298510e-01
5.907148604785781572e+03 6.605050028287313690e-01
5.908148629943185369e+03 6.606620425440594691e-01
5.909148655100590076e+03 6.608184909953922492e-01
5.910148680257993874e+03 6.609743793743072526e-01
5.911148705415397671e+03 6.611297388723829105e-01
5.912148730572801469e+03 6.612846006811965438e-01
5.913148755730206176e+03 6.614389959923266948e-01
5.914148780887609973e+03 6.615929559973506846e-01
5.915148806045013771e+03 6.617465118878466113e-01
5.916148831202417568e+03 6.618996948553923509e-01
5.917148856359822275e+03 6.620525360915662239e-01
5.918148881517226073e+03 6.622050667879456620e-01
5.919148906674630780e+03 6.623573181361087636e-01
5.920148931832034577e+03 6.625093213276331827e-01
5.921148956989438375e+03 6.626611075540972395e-01
5.922148982146842172e+03 6.628127080070783661e-01
5.923149007304245970e+03 6.629641538781547716e-01
5.924149032461650677e+03 6.631154763589045542e-01
5.925149057619054474e+03 6.632667066409051460e-01
5.926149082776458272e+03 6.634178759157345340e-01
5.927149107933862069e+03 6.635690153749708164e-01
5.928149133091266776e+03 6.637201562101920915e-01
5.929149158248670574e+03 6.638713296129759023e-01
5.930149183406074371e+03 6.640225667423429456e-01
5.931149208563479078e+03 6.641738840048242443e-01
5.932149233720882876e+03 6.643252597923264835e-01
5.933149258878286673e+03 6.644766664568239056e-01
5.934149284035691380e+03 6.646280763502907529e-01
5.935149309193095178e+03 6.647794618247009346e-01
5.936149334350498975e+03 6.649307952320289150e-01
5.937149359507903682e+03 6.650820489242488254e-01
5.938149384665307480e+03 6.652331952533347970e-01
5.939149409822711277e+03 6.653842065712609610e-01
5.940149434980115075e+03 6.655350552300015599e-01
5.941149460137518872e+03 6.656857135815308357e-01
5.942149485294923579e+03 6.658361539778231419e-01
5.943149510452327377e+03 6.659863487708522767e-01
5.944149535609732084e+03 6.661362703125929263e-01
5.945149560767135881e+03 6.662858909550185560e-01
5.946149585924539679e+03 6.664351830501039631e-01
5.947149611081943476e+03 6.665841189498230568e-01
5.948149636239347274e+03 6.667326710061500794e-01
5.949149661396751981e+03 6.668808115710594953e-01
5.950149686554155778e+03 6.670285129965249915e-01
5.951149711711560485e+03 6.671757476345211435e-01
5.952149736868964283e+03 6.673224878370218605e-01
5.953149762026368080e+03 6.674687059560014957e-01
5.954149787183771878e+03 6.676143743434341804e-01
5.955149812341176585e+03 6.677594653512943790e-01
5.956149837498580382e+03 6.679039513315557786e-01
5.957149862655984180e+03 6.680478046361928435e-01
5.958149887813388887e+03 6.681909976171798160e-01
5.959149912970792684e+03 6.683335026264907164e-01
5.960149938128196482e+03 6.684752920160998979e-01
5.961149963285600279e+03 6.686163381379813808e-01
5.962149988443004986e+03 6.687566133441095184e-01
5.963150013600408784e+03 6.688960899864583309e-01
5.964150038757813491e+03 6.690347404170021717e-01
5.965150063915217288e+03 6.691725369877151719e-01
5.966150089072621086e+03 6.693094520505713518e-01
5.967150114230025792e+03 6.694454579575451758e-01
5.968150139387429590e+03 6.695805270606105530e-01
5.969150164544833387e+03 6.697146317117418368e-01
5.970150189702237185e+03 6.698477442629131584e-01
5.971150214859640982e+03 6.699798370660987601e-01
5.972150240017045689e+03 6.701108824732729952e-01
5.973150265174449487e+03 6.702408528364097728e-01
5.974150290331854194e+03 6.703697205074833354e-01
5.975150315489257991e+03 6.704974578384678141e-01
5.976150340646661789e+03 6.706240371813375623e-01
5.977150365804065586e+03 6.707494308880666001e-01
5.978150390961470293e+03 6.708736113106292809e-01
5.979150416118874091e+03 6.709965508009997359e-01
5.980150441276277888e+03 6.711182217119693316e-01
5.981150466433681686e+03 6.712385967586345092e-01
5.982150491591085483e+03 6.713576495863284865e-01
5.983150516748490190e+03 6.714753539876067157e-01
5.984150541905893988e+03 6.715916837550243157e-01
5.985150567063297785e+03 6.717066126811364057e-01
5.986150592220702492e+03 6.718201145584985490e-01
5.987150617378106290e+03 6.719321631796658645e-01
5.988150642535510087e+03 6.720427323371936934e-01
5.989150667692913885e+03 6.721517958236372658e-01
5.990150692850318592e+03 6.722593274315520340e-01
5.991150718007722389e+03 6.723653009534930058e-01
5.992150743165126187e+03 6.724696901820157446e-01
5.993150768322530894e+03 6.725724689096754805e-01
5.994150793479934691e+03 6.726736109290272214e-01
5.995150818637339398e+03 6.727730900326266417e-01
5.996150843794742286e+03 6.728708800130285272e-01
5.997150868952146993e+03 6.729669546627886634e-01
5.998150894109550791e+03 6.730612877744621692e-01
5.999150919266955498e+03 6.731538531406041637e-01
6.000150944424358386e+03 6.732446245537702101e-01
6.001150969581763093e+03 6.733335758065153165e-01
6.002150994739166890e+03 6.734206806913948240e-01
6.003151019896571597e+03 6.735059130009642958e-01
6.004151045053975395e+03 6.735892465277785179e-01
6.005151070211379192e+03 6.736706550643932756e-01
6.006151095368782990e+03 6.737501124033634659e-01
6.007151120526187697e+03 6.738275923372446519e-01
6.008151145683591494e+03 6.739030686585920638e-01
6.009151170840995292e+03 6.739765151599607096e-01
6.010151195998399999e+03 6.740479056339062636e-01
6.011151221155803796e+03 6.741172138729836227e-01
6.012151246313207594e+03 6.741844136697483503e-01
6.013151271470611391e+03 6.742494788167556763e-01
6.014151296628016098e+03 6.743123831065608309e-01
6.015151321785419896e+03 6.743731003317192663e-01
6.016151346942823693e+03 6.744316042847858794e-01
6.017151372100227491e+03 6.744878687583162336e-01
6.018151397257632198e+03 6.745418675448656698e-01
6.019151422415035995e+03 6.745935744369893072e-01
6.020151447572440702e+03 6.746429632272425980e-01
6.021151472729844500e+03 6.746900077081805502e-01
6.022151497887248297e+03 6.747346816723586160e-01
6.023151523044652095e+03 6.747769589123322476e-01
6.024151548202056802e+03 6.748168132206565639e-01
6.025151573359460599e+03 6.748542183898866842e-01
6.026151598516864397e+03 6.748891482125781716e-01
6.027151623674269104e+03 6.749215764812860341e-01
6.028151648831672901e+03 6.749514769885657239e-01
6.029151673989076698e+03 6.749788235269725822e-01
6.030151699146481405e+03 6.750035899339055234e-01
6.031151724303885203e+03 6.750257694918683216e-01
6.032151749461289000e+03 6.750454052302528041e-01
6.033151774618692798e+03 6.750625480207049778e-01
6.034151799776096595e+03 6.750772487348710715e-01
6.035151824933501302e+03 6.750895582443968701e-01
6.036151850090905100e+03 6.750995274209284913e-01
6.037151875248309807e+03 6.751072071361118310e-01
6.038151900405713604e+03 6.751126482615928959e-01
6.039151925563117402e+03 6.751159016690176928e-01
6.040151950720521199e+03 6.751170182300320066e-01
6.041151975877925906e+03 6.751160488162822881e-01
6.042152001035329704e+03 6.751130442994143221e-01
6.043152026192733501e+03 6.751080555510740044e-01
6.044152051350138208e+03 6.751011334429073418e-01
6.045152076507541096e+03 6.750923288465605632e-01
6.046152101664945803e+03 6.750816926336793422e-01
6.047152126822349601e+03 6.750692756759099078e-01
6.048152151979754308e+03 6.750551288448980447e-01
6.049152177137158105e+03 6.750393030122899818e-01
6.050152202294561903e+03 6.750218490497316148e-01
6.051152227451965700e+03 6.750028178288688396e-01
6.052152252609370407e+03 6.749822602213479961e-01
6.053152277766774205e+03 6.749602270988145358e-01
6.054152302924178002e+03 6.749367693329147988e-01
6.055152328081582709e+03 6.749119377952947918e-01
6.056152353238986507e+03 6.748857833576005216e-01
6.057152378396390304e+03 6.748583568914778841e-01
6.058152403553795011e+03 6.748297092685728860e-01
6.059152428711198809e+03 6.747998913605315341e-01
6.060152453868602606e+03 6.747689540389997243e-01
6.061152479026007313e+03 6.747369481756235743e-01
6.062152504183411111e+03 6.747039246420492020e-01
6.063152529340814908e+03 6.746699343099223922e-01
6.064152554498218706e+03 6.746350280508892627e-01
6.065152579655622503e+03 6.745992567365958203e-01
6.066152604813027210e+03 6.745626712386878499e-01
6.067152629970431008e+03 6.745253224288113580e-01
6.068152655127835715e+03 6.744872611786127958e-01
6.069152680285239512e+03 6.744485383597377259e-01
6.070152705442643310e+03 6.744092048438322662e-01
6.071152730600047107e+03 6.743693115025424234e-01
6.072152755757451814e+03 6.743289092075140934e-01
6.073152780914855612e+03 6.742880488303935049e-01
6.074152806072259409e+03 6.742467812428262208e-01
6.075152831229664116e+03 6.742051573164588030e-01
6.076152856387067914e+03 6.741632279229368141e-01
6.077152881544471711e+03 6.741210439339064830e-01
6.078152906701875509e+03 6.740786562210137056e-01
6.079152931859279306e+03 6.740361156559044886e-01
6.080152957016684013e+03 6.739934731058508932e-01
6.081152982174087811e+03 6.739507775822151103e-01
6.082153007331492518e+03 6.739080733654034816e-01
6.083153032488896315e+03 6.738654039929412587e-01
6.084153057646300113e+03 6.738228130023536933e-01
6.085153082803703910e+03 6.737803439311664810e-01
6.086153107961108617e+03 6.737380403169048737e-01
6.087153133118512415e+03 6.736959456970945670e-01
6.088153158275916212e+03 6.736541036092605905e-01
6.089153183433320919e+03 6.736125575909284180e-01
6.090153208590724716e+03 6.735713511796237452e-01
6.091153233748128514e+03 6.735305279128719347e-01
6.092153258905533221e+03 6.734901313281981272e-01
6.093153284062937018e+03 6.734502049631280185e-01
6.094153309220340816e+03 6.734107923551867492e-01
6.095153334377745523e+03 6.733719370419000150e-01
6.096153359535148411e+03 6.733336825607931786e-01
6.097153384692552208e+03 6.732960724493916027e-01
6.098153409849956915e+03 6.732591502452207610e-01
6.099153435007361622e+03 6.732229594858057942e-01
6.100153460164764510e+03 6.731875437086726199e-01
6.101153485322169217e+03 6.731529464513462679e-01
6.102153510479573015e+03 6.731192112513523229e-01
6.103153535636977722e+03 6.730863816462160365e-01
6.104153560794381519e+03 6.730545011734631045e-01
6.105153585951785317e+03 6.730236133706186674e-01
6.106153611109190024e+03 6.729937617752084211e-01
6.107153636266593821e+03 6.729649899247575062e-01
6.108153661423997619e+03 6.729373413567915074e-01
6.109153686581401416e+03 6.729108596088357874e-01
6.110153711738805214e+03 6.728855882184155979e-01
6.111153736896209921e+03 6.728615707230567455e-01
6.112153762053613718e+03 6.728388506602844821e-01
6.113153787211017516e+03 6.728174715676240591e-01
6.114153812368422223e+03 6.727974769826009505e-01
6.115153837525826020e+03 6.727789104427407407e-01
6.116153862683229818e+03 6.727618154855687926e-01
6.117153887840633615e+03 6.727462356486103578e-01
6.118153912998038322e+03 6.727322144693911321e-01
6.119153938155442120e+03 6.727197954854362560e-01
6.120153963312845917e+03 6.727090222342713144e-01
6.121153988470249715e+03 6.726999382534216698e-01
6.122154013627654422e+03 6.726925870804127960e-01
6.123154038785058219e+03 6.726870122527700557e-01
6.124154063942462926e+03 6.726832573080188116e-01
6.125154089099865814e+03 6.726813657836847593e-01
6.126154114257270521e+03 6.726813812172928175e-01
6.127154139414675228e+03 6.726833471463689040e-01
6.128154164572079026e+03 6.726873071084381595e-01
6.129154189729482823e+03 6.726933046410259465e-01
6.130154214886886621e+03 6.727013832436747887e-01
6.131154240044291328e+03 6.727115706420521146e-01
6.132154265201695125e+03 6.727238544965872258e-01
6.133154290359098923e+03 6.727382162011104061e-01
6.134154315516503630e+03 6.727546371494518285e-01
6.135154340673906518e+03 6.727730987354416659e-01
6.136154365831311225e+03 6.727935823529099801e-01
6.137154390988715022e+03 6.728160693956871663e-01
6.138154416146119729e+03 6.728405412576033973e-01
6.139154441303523527e+03 6.728669793324886239e-01
6.140154466460927324e+03 6.728953650141732412e-01
6.141154491618332031e+03 6.729256796964874221e-01
6.142154516775735829e+03 6.729579047732613395e-01
6.143154541933139626e+03 6.729920216383250553e-01
6.144154567090543424e+03 6.730280116855088535e-01
6.145154592247948131e+03 6.730658563086430179e-01
6.146154617405351928e+03 6.731055369015576106e-01
6.147154642562755726e+03 6.731470348580828045e-01
6.148154667720160433e+03 6.731903315720488834e-01
6.149154692877564230e+03 6.732354084372860203e-01
6.150154718034968027e+03 6.732822468476243882e-01
6.151154743192371825e+03 6.733308281968940490e-01
6.152154768349776532e+03 6.733811338789252865e-01
6.153154793507180329e+03 6.734331452875483848e-01
6.154154818664584127e+03 6.734868438165934057e-01
6.155154843821987924e+03 6.735422108598905222e-01
6.156154868979392631e+03 6.735992278112701293e-01
6.157154894136796429e+03 6.736578760645621777e-01
6.158154919294200226e+03 6.737181370135968406e-01
6.159154944451604933e+03 6.737799920522046238e-01
6.160154969609008731e+03 6.738434225742152561e-01
6.161154994766413438e+03 6.739084099734592437e-01
6.162155019923816326e+03 6.739749356437666483e-01
6.163155045081221033e+03 6.740429809789677540e-01
6.164155070238624830e+03 6.741125273728927336e-01
6.165155095396029537e+03 6.741835562193716491e-01
6.166155120553432425e+03 6.742560489122347844e-01
6.167155145710837132e+03 6.743299868453124235e-01
6.168155170868240930e+03 6.744053514124346282e-01
6.169155196025645637e+03 6.744821240074315716e-01
6.170155221183049434e+03 6.745602860241333154e-01
6.171155246340453232e+03 6.746398188563703657e-01
6.172155271497857939e+03 6.747207038979728955e-01
6.173155296655260827e+03 6.748029225427705224e-01
6.174155321812665534e+03 6.748864561845941967e-01
6.175155346970069331e+03 6.749712862172736472e-01
6.176155372127473129e+03 6.750573940346391577e-01
6.177155397284877836e+03 6.751447610305210123e-01
6.178155422442281633e+03 6.752333685987493839e-01
6.179155447599686340e+03 6.753231981331543343e-01
6.180155472757089228e+03 6.754142310254924730e-01
6.181155497914493935e+03 6.755064478246017856e-01
6.182155523071897733e+03 6.755998269460121719e-01
6.183155548229302440e+03 6.756943464728926152e-01
6.184155573386706237e+03 6.757899844884114327e-01
6.185155598544110035e+03 6.758867190757379406e-01
6.186155623701513832e+03 6.759845283180407893e-01
6.187155648858917630e+03 6.760833902984886290e-01
6.188155674016322337e+03 6.761832831002505539e-01
6.189155699173726134e+03 6.762841848064949923e-01
6.190155724331129932e+03 6.763860735003911495e-01
6.191155749488534639e+03 6.764889272651074537e-01
6.192155774645938436e+03 6.765927241838128881e-01
6.193155799803342234e+03 6.766974423396762139e-01
6.194155824960746941e+03 6.768030598158664146e-01
6.195155850118150738e+03 6.769095546955519183e-01
6.196155875275554536e+03 6.770169050619018192e-01
6.197155900432959243e+03 6.771250889980847676e-01
6.198155925590363040e+03 6.772340845872696358e-01
6.199155950747766838e+03 6.773438699126251850e-01
6.200155975905170635e+03 6.774544230573202874e-01
6.201156001062575342e+03 6.775657221045237044e-01
6.202156026219979140e+03 6.776777451374041972e-01
6.203156051377382937e+03 6.777904702391305269e-01
6.204156076534787644e+03 6.779038754928715660e-01
6.205156101692191442e+03 6.780179389817960756e-01
6.206156126849596149e+03 6.781326387890729279e-01
6.207156152006999037e+03 6.782479529978708843e-01
6.208156177164403744e+03 6.783638596913588170e-01
6.209156202321807541e+03 6.784803369527052652e-01
6.210156227479211339e+03 6.785973628650793232e-01
6.211156252636616045e+03 6.787149155116496413e-01
6.212156277794019843e+03 6.788329729755849806e-01
6.213156302951423640e+03 6.789515133400542135e-01
6.214156328108828347e+03 6.790705146882263232e-01
6.215156353266232145e+03 6.791899551032698490e-01
6.216156378423635942e+03 6.793098126683534410e-01
6.217156403581039740e+03 6.794300654666461936e-01
6.218156428738444447e+03 6.795506915813170901e-01
6.219156453895848244e+03 6.796716690955344475e-01
6.220156479053252042e+03 6.797929760924673603e-01
6.221156504210656749e+03 6.799145906552845897e-01
6.222156529368060546e+03 6.800364908671547859e-01
6.223156554525464344e+03 6.801586548112469321e-01
6.224156579682868141e+03 6.802810605707296787e-01
6.225156604840272848e+03 6.804036862287721199e-01
6.226156629997676646e+03 6.805265098685425729e-01
6.227156655155080443e+03 6.806495095732103540e-01
6.228156680312485150e+03 6.807726634259438914e-01
6.229156705469888038e+03 6.808959495099118353e-01
6.230156730627292745e+03 6.810193459104528779e-01
6.231156755784696543e+03 6.811428315763434771e-01
6.232156780942101250e+03 6.812663876337601288e-01
6.233156806099505047e+03 6.813899955467780378e-01
6.234156831256908845e+03 6.815136367794730754e-01
6.235156856414313552e+03 6.816372927959205574e-01
6.236156881571717349e+03 6.817609450601955778e-01
6.237156906729121147e+03 6.818845750363737857e-01
6.238156931886525854e+03 6.820081641885309409e-01
6.239156957043928742e+03 6.821316939807420265e-01
6.240156982201333449e+03 6.822551458770829136e-01
6.241157007358737246e+03 6.823785013416285850e-01
6.242157032516141044e+03 6.825017418384549117e-01
6.243157057673545751e+03 6.826248488316372098e-01
6.244157082830950458e+03 6.827478037852507953e-01
6.245157107988353346e+03 6.828705881633710950e-01
6.246157133145758053e+03 6.829931834300737581e-01
6.247157158303161850e+03 6.831155710494339894e-01
6.248157183460565648e+03 6.832377324855275491e-01
6.249157208617969445e+03 6.833596492024296420e-01
6.250157233775374152e+03 6.834813026642160283e-01
6.251157258932777950e+03 6.836026743349614687e-01
6.252157284090182657e+03 6.837237456787423895e-01
6.253157309247585545e+03 6.838444981596332184e-01
6.254157334404990252e+03 6.839649132417100486e-01
6.255157359562394049e+03 6.840849723890481959e-01
6.256157384719798756e+03 6.842046570657231985e-01
6.257157409877202554e+03 6.843239487358102613e-01
6.258157435034606351e+03 6.844428288633848112e-01
6.259157460192011058e+03 6.845612789125226083e-01
6.260157485349414856e+03 6.846792803472989686e-01
6.261157510506818653e+03 6.847968146317890969e-01
6.262157535664222451e+03 6.849138632300687535e-01
6.263157560821626248e+03 6.850304076062131431e-01
6.264157585979030955e+03 6.851464292242980259e-01
6.265157611136434753e+03 6.852619095483986067e-01
6.266157636293838550e+03 6.853768300425903126e-01
6.267157661451243257e+03 6.854911721709489036e-01
6.268157686608647055e+03 6.856049173975492517e-01
6.269157711766051762e+03 6.857180471864673388e-01
6.270157736923455559e+03 6.858305430017783699e-01
6.271157762080859357e+03 6.859423863075576611e-01
6.272157787238263154e+03 6.860535585678810833e-01
6.273157812395667861e+03 6.861640412468238415e-01
6.274157837553071658e+03 6.862738158084612516e-01
6.275157862710475456e+03 6.863828637168688518e-01
6.276157887867879253e+03 6.864911664361220689e-01
6.277157913025283051e+03 6.865987054302965520e-01
6.278157938182687758e+03 6.867054621634675060e-01
6.279157963340092465e+03 6.868114180997105800e-01
6.280157988497496262e+03 6.869165547026986340e-01
6.281158013654900060e+03 6.870208532792689837e-01
6.282158038812303857e+03 6.871242947421727365e-01
6.283158063969708564e+03 6.872268599432442837e-01
6.284158089127112362e+03 6.873285297343185718e-01
6.285158114284516159e+03 6.874292849672304362e-01
6.286158139441920866e+03 6.875291064938146013e-01
6.287158164599324664e+03 6.876279751659059025e-01
6.288158189756728461e+03 6.877258718353391753e-01
6.289158214914132259e+03 6.878227773539490331e-01
6.290158240071536966e+03 6.879186725735706442e-01
6.291158265228939854e+03 6.880135383460384002e-01
6.292158290386344561e+03 6.881073555231872474e-01
6.293158315543748358e+03 6.882001049568521323e-01
6.294158340701152156e+03 6.882917674988675572e-01
6.295158365858556863e+03 6.883823240010686906e-01
6.296158391015960660e+03 6.884717553152899239e-01
6.297158416173364458e+03 6.885600422933663145e-01
6.298158441330769165e+03 6.886471657871328089e-01
6.299158466488172962e+03 6.887331066484236874e-01
6.300158491645576760e+03 6.888178457290741186e-01
6.301158516802980557e+03 6.889013638809189377e-01
6.302158541960384355e+03 6.889836419557927583e-01
6.303158567117789062e+03 6.890646608055305267e-01
6.304158592275193769e+03 6.891444012819669673e-01
6.305158617432597566e+03 6.892228442369368047e-01
6.306158642590001364e+03 6.892999705222748741e-01
6.307158667747405161e+03 6.893757609898160110e-01
6.308158692904808959e+03 6.894501964913950509e-01
6.309158718062213666e+03 6.895232578788467181e-01
6.310158743219617463e+03 6.895949260040058482e-01
6.311158768377021261e+03 6.896651817187071654e-01
6.312158793534425968e+03 6.897340058747857272e-01
6.313158818691829765e+03 6.898013793240759250e-01
6.314158843849234472e+03 6.898672829184129274e-01
6.315158869006638270e+03 6.899316975096311255e-01
6.316158894164042067e+03 6.899946039495655770e-01
6.317158919321445865e+03 6.900559830900512281e-01
6.318158944478849662e+03 6.901158157829225814e-01
6.319158969636254369e+03 6.901740828800148053e-01
6.320158994793658167e+03 6.902307652331620691e-01
6.321159019951062874e+03 6.902858436941997633e-01
6.322159045108465762e+03 6.903392991149623903e-01
6.323159070265870469e+03 6.903911123472847855e-01
6.324159095423274266e+03 6.904412642430017844e-01
6.325159120580678973e+03 6.904897356539483333e-01
6.326159145738082771e+03 6.905365074319588237e-01
6.327159170895486568e+03 6.905815604288685350e-01
6.328159196052890366e+03 6.906248754965119696e-01
6.329159221210294163e+03 6.906664334867238519e-01
6.330159246367698870e+03 6.907062152830193424e-01
6.331159271525102668e+03 6.907442138638800744e-01
6.332159296682506465e+03 6.907804524902978471e-01
6.333159321839910262e+03 6.908149590857860511e-01
6.334159346997314969e+03 6.908477615738582989e-01
6.335159372154718767e+03 6.908788878780279807e-01
6.336159397312123474e+03 6.909083659218087092e-01
6.337159422469527271e+03 6.909362236287139858e-01
6.338159447626931069e+03 6.909624889222570898e-01
6.339159472784335776e+03 6.909871897259519669e-01
6.340159497941739573e+03 6.910103539633116743e-01
6.341159523099143371e+03 6.910320095578498245e-01
6.342159548256547168e+03 6.910521844330802521e-01
6.343159573413951875e+03 6.910709065125161255e-01
6.344159598571355673e+03 6.910882037196710570e-01
6.345159623728759470e+03 6.911041039780585482e-01
6.346159648886163268e+03 6.911186352111919895e-01
6.347159674043567975e+03 6.911318253425851044e-01
6.348159699200971772e+03 6.911437022957513943e-01
6.349159724358376479e+03 6.911542939942041386e-01
6.350159749515779367e+03 6.911636283614569498e-01
6.351159774673184074e+03 6.911717333210234404e-01
6.352159799830587872e+03 6.911786367964170008e-01
6.353159824987992579e+03 6.911843667111511325e-01
6.354159850145396376e+03 6.911889509887395588e-01
6.355159875302800174e+03 6.911924175526953373e-01
6.356159900460204881e+03 6.911947943265325245e-01
6.357159925617608678e+03 6.911961092337641777e-01
6.358159950775012476e+03 6.911963901979041314e-01
6.359159975932416273e+03 6.911956651424656650e-01
6.360160001089820071e+03 6.911939619909623911e-01
6.361160026247224778e+03 6.911913086669077000e-01
6.362160051404628575e+03 6.911877330938153152e-01
6.363160076562032373e+03 6.911832631951984052e-01
6.364160101719437080e+03 6.911779268945709154e-01
6.365160126876840877e+03 6.911717521154460142e-01
6.366160152034244675e+03 6.911647667813374252e-01
6.367160177191649382e+03 6.911569988157585387e-01
6.368160202349053179e+03 6.911484761422227452e-01
6.369160227506456977e+03 6.911392266842437682e-01
6.370160252663861684e+03 6.911292783653351091e-01
6.371160277821265481e+03 6.911186591090100473e-01
6.372160302978669279e+03 6.911073968387824173e-01
6.373160328136073076e+03 6.910955194781653876e-01
6.374160353293477783e+03 6.910830549506726816e-01
6.375160378450881581e+03 6.910700311798178008e-01
6.376160403608286288e+03 6.910564760891141356e-01
6.377160428765690085e+03 6.910424176020752984e-01
6.378160453923093883e+03 6.910278836422147908e-01
6.379160479080497680e+03 6.910129021330460031e-01
6.380160504237901478e+03 6.909975009944575586e-01
6.381160529395305275e+03 6.909817067904971966e-01
6.382160554552709982e+03 6.909655427027169283e-01
6.383160579710113780e+03 6.909490313939222750e-01
6.384160604867518487e+03 6.909321955269193127e-01
6.385160630024922284e+03 6.909150577645136737e-01
6.386160655182326082e+03 6.908976407695111011e-01
6.387160680339729879e+03 6.908799672047175600e-01
6.388160705497133677e+03 6.908620597329386825e-01
6.389160730654538384e+03 6.908439410169802120e-01
6.390160755811942181e+03 6.908256337196483354e-01
6.391160780969346888e+03 6.908071605037482410e-01
6.392160806126750686e+03 6.907885440320862269e-01
6.393160831284154483e+03 6.907698069674678143e-01
6.394160856441559190e+03 6.907509719726988573e-01
6.395160881598962987e+03 6.907320617105853211e-01
6.396160906756366785e+03 6.907130988439327268e-01
6.397160931913770582e+03 6.906941060355469286e-01
6.398160957071174380e+03 6.906751059482338917e-01
6.399160982228578177e+03 6.906561212447992482e-01
6.400161007385982884e+03 6.906371745880487412e-01
6.401161032543386682e+03 6.906182886407883359e-01
6.402161057700790479e+03 6.905994860658237755e-01
6.403161082858195186e+03 6.905807895259608031e-01
6.404161108015598984e+03 6.905622216840051619e-01
6.405161133173002781e+03 6.905438052027628171e-01
6.406161158330407488e+03 6.905255627450391787e-01
6.407161183487811286e+03 6.905075169736405449e-01
6.408161208645215083e+03 6.904896905513725480e-01
6.409161233802619790e+03 6.904721061410408200e-01
6.410161258960023588e+03 6.904547864054512152e-01
6.411161284117427385e+03 6.904377540074095876e-01
6.412161309274831183e+03 6.904210316097215694e-01
6.413161334432235890e+03 6.904046418751932368e-01
6.414161359589639687e+03 6.903886074666299999e-01
6.415161384747043485e+03 6.903729510468380459e-01
6.416161409904447282e+03 6.903576952786230070e-01
6.417161435061851989e+03 6.903428628247905152e-01
6.418161460219255787e+03 6.903284763481466468e-01
6.419161485376659584e+03 6.903145585114970340e-01
6.420161510534064291e+03 6.903011319776473087e-01
6.421161535691468089e+03 6.902882194094036583e-01
6.422161560848872796e+03 6.902758434695716039e-01
6.423161586006276593e+03 6.902640268209569996e-01
6.424161611163680391e+03 6.902527921263656996e-01
6.425161636321084188e+03 6.902421620486031140e-01
6.426161661478488895e+03 6.902321592504756520e-01
6.427161686635892693e+03 6.902228063947887238e-01
6.428161711793296490e+03 6.902141261443481834e-01
6.429161736950701197e+03 6.902061411619597742e-01
6.430161762108104995e+03 6.901988740683644430e-01
6.431161787265508792e+03 6.901923320688585495e-01
6.432161812422913499e+03 6.901864840485829600e-01
6.433161837580316387e+03 6.901812930389594758e-01
6.434161862737721094e+03 6.901767220714101203e-01
6.435161887895124892e+03 6.901727341773569169e-01
6.436161913052528689e+03 6.901692923882217778e-01
6.437161938209933396e+03 6.901663597354268376e-01
6.438161963367337194e+03 6.901638992503942305e-01
6.439161988524740991e+03 6.901618739645455358e-01
6.440162013682144789e+03 6.901602469093032211e-01
6.441162038839549496e+03 6.901589811160890875e-01
6.442162063996954203e+03 6.901580396163251585e-01
6.443162089154358000e+03 6.901573854414334575e-01
6.444162114311761798e+03 6.901569816228361187e-01
6.445162139469165595e+03 6.901567911919549436e-01
6.446162164626570302e+03 6.901567771802119555e-01
6.447162189783974100e+03 6.901569026190295109e-01
6.448162214941377897e+03 6.901571305398290779e-01
6.449162240098781695e+03 6.901574239740332350e-01
6.450162265256185492e+03 6.901577459530635617e-01
6.451162290413590199e+03 6.901580595083421921e-01
6.452162315570993997e+03 6.901583276712912607e-01
6.453162340728397794e+03 6.901585134733326798e-01
6.454162365885801592e+03 6.901585799458883619e-01
6.455162391043206298e+03 6.901584901203805522e-01
6.456162416200610096e+03 6.901582070282311632e-01
6.457162441358014803e+03 6.901576937008621071e-01
6.458162466515418600e+03 6.901569131696955184e-01
6.459162491672822398e+03 6.901558284661533094e-01
6.460162516830226195e+03 6.901544026216576144e-01
6.461162541987629993e+03 6.901525986676303459e-01
6.462162567145034700e+03 6.901503796354934162e-01
6.463162592302439407e+03 6.901477085566692926e-01
6.464162617459843204e+03 6.901445484625793325e-01
6.465162642617247002e+03 6.901408623846461143e-01
6.466162667774650799e+03 6.901366133542911063e-01
6.467162692932054597e+03 6.901317644029369980e-01
6.468162718089459304e+03 6.901262785620051465e-01
6.469162743246863101e+03 6.901201188629181305e-01
6.470162768404266899e+03 6.901132483370975290e-01
6.471162793561670696e+03 6.901056300159655876e-01
6.472162818719075403e+03 6.900972269309439966e-01
6.473162843876479201e+03 6.900880021134552234e-01
6.474162869033882998e+03 6.900779185949210692e-01
6.475162894191287705e+03 6.900669394067633355e-01
6.476162919348691503e+03 6.900550275804044897e-01
6.477162944506095300e+03 6.900421461472662221e-01
6.478162969663500007e+03 6.900282581387706671e-01
6.479162994820903805e+03 6.900133265863397369e-01
6.480163019978307602e+03 6.899973145206500513e-01
6.481163045135712309e+03 6.899801847047251080e-01
6.482163070293116107e+03 6.899618992386272742e-01
6.483163095450519904e+03 6.899424201215451635e-01
6.484163120607923702e+03 6.899217093526677225e-01
6.485163145765328409e+03 6.898997289311837866e-01
6.486163170922732206e+03 6.898764408562821915e-01
6.487163196080136913e+03 6.898518071271514396e-01
6.488163221237540711e+03 6.898257897429804775e-01
6.489163246394943599e+03 6.897983507029581407e-01
6.490163271552348306e+03 6.897694520062730428e-01
6.491163296709753013e+03 6.897390556521142413e-01
6.492163321867156810e+03 6.897071236396702387e-01
6.493163347024559698e+03 6.896736179681299816e-01
6.494163372181964405e+03 6.896385006366823056e-01
6.495163397339368203e+03 6.896017336445158241e-01
6.496163422496772910e+03 6.895632789908193727e-01
6.497163447654176707e+03 6.895230986747818980e-01
6.498163472811580505e+03 6.894811546955919024e-01
6.499163497968984302e+03 6.894374090524384435e-01
6.500163523126389009e+03 6.893918237445101349e-01
6.501163548283793716e+03 6.893443607709957011e-01
6.502163573441197514e+03 6.892949821310841996e-01
6.503163598598601311e+03 6.892436498239643550e-01
6.504163623756005109e+03 6.891903258488246697e-01
6.505163648913408906e+03 6.891349722048542015e-01
6.506163674070812704e+03 6.890775508912414526e-01
6.507163699228217411e+03 6.890180239071755919e-01
6.508163724385622118e+03 6.889563532518450106e-01
6.509163749543025006e+03 6.888925009244388775e-01
6.510163774700429713e+03 6.888264289241456950e-01
6.511163799857833510e+03 6.887580992501542987e-01
6.512163825015237308e+03 6.886874739016536351e-01
6.513163850172642015e+03 6.886145148778323177e-01
6.514163875330045812e+03 6.885391841778791822e-01
6.515163900487449609e+03 6.884614438009830639e-01
6.516163925644854316e+03 6.883812557463325765e-01
6.517163950802258114e+03 6.882985820131167776e-01
6.518163975959661911e+03 6.882133846005241695e-01
6.519164001117066618e+03 6.881256255077435879e-01
6.520164026274470416e+03 6.880352667339642014e-01
6.521164051431874213e+03 6.879422702783742904e-01
6.522164076589278011e+03 6.878465981401629126e-01
6.523164101746682718e+03 6.877482123185186813e-01
6.524164126904086515e+03 6.876470748126305432e-01
6.525164152061490313e+03 6.875431476216872229e-01
6.526164177218894110e+03 6.874363927448774447e-01
6.527164202376298817e+03 6.873267721813900444e-01
6.528164227533702615e+03 6.872142479304138574e-01
6.529164252691106412e+03 6.870987819911376082e-01
6.530164277848511119e+03 6.869803364807933743e-01
6.531164303005914917e+03 6.868589150689481393e-01
6.532164328163318714e+03 6.867346239795423246e-01
6.533164353320723421e+03 6.866075849793270569e-01
6.534164378478127219e+03 6.864779198350534628e-01
6.535164403635531926e+03 6.863457503134724469e-01
6.536164428792935723e+03 6.862111981813350248e-01
6.537164453950339521e+03 6.860743852053922121e-01
6.538164479107743318e+03 6.859354331523949133e-01
6.539164504265148025e+03 6.857944637890941442e-01
6.540164529422550913e+03 6.856515988822412533e-01
6.541164554579955620e+03 6.855069601985864791e-01
6.542164579737359418e+03 6.853606695048812814e-01
6.543164604894763215e+03 6.852128485678765646e-01
6.544164630052167013e+03 6.850636191543234554e-01
6.545164655209571720e+03 6.849131030309727475e-01
6.546164680366975517e+03 6.847614219645755673e-01
6.547164705524379315e+03 6.846086977218829306e-01
6.548164730681784022e+03 6.844550520696455198e-01
6.549164755839187819e+03 6.843006067746147947e-01
6.550164780996592526e+03 6.841454836035412157e-01
6.551164806153995414e+03 6.839898043231764646e-01
6.552164831311400121e+03 6.838336907002707798e-01
6.553164856468803919e+03 6.836772645015756211e-01
6.554164881626208626e+03 6.835206474938418930e-01
6.555164906783612423e+03 6.833639614438206111e-01
6.556164931941016221e+03 6.832073281182625690e-01
6.557164957098420018e+03 6.830508692839190044e-01
6.558164982255824725e+03 6.828947067075407107e-01
6.559165007413228523e+03 6.827389621558788146e-01
6.560165032570633230e+03 6.825837573956839988e-01
6.561165057728037027e+03 6.824292141937079448e-01
6.562165082885440825e+03 6.822754543167008912e-01
6.563165108042844622e+03 6.821225995314142976e-01
6.564165133200248420e+03 6.819707716045990686e-01
6.565165158357653127e+03 6.818200923030057758e-01
6.566165183515056924e+03 6.816706833933861009e-01
6.567165208672460722e+03 6.815226666424905044e-01
6.568165233829865429e+03 6.813761638170702239e-01
6.569165258987269226e+03 6.812312966838762751e-01
6.570165284144673024e+03 6.810881870096594515e-01
6.571165309302076821e+03 6.809469565611709907e-01
6.572165334459481528e+03 6.808077271051615753e-01
6.573165359616885326e+03 6.806706204083823319e-01
6.574165384774289123e+03 6.805357582375843872e-01
6.575165409931692921e+03 6.804032623595186458e-01
6.576165435089097627e+03 6.802732545409360121e-01
6.577165460246501425e+03 6.801458565485877239e-01
6.578165485403906132e+03 6.800211901492242417e-01
6.579165510561309929e+03 6.798993771095971361e-01
6.580165535718713727e+03 6.797805384710037258e-01
6.581165560876118434e+03 6.796645449324849597e-01
6.582165586033521322e+03 6.795506515372771172e-01
6.583165611190926029e+03 6.794380203898429116e-01
6.584165636348329826e+03 6.793258135946455001e-01
6.585165661505734533e+03 6.792131932561474850e-01
6.586165686663138331e+03 6.790993214788122456e-01
6.587165711820542128e+03 6.789833603671022733e-01
6.588165736977945926e+03 6.788644720254807252e-01
6.589165762135350633e+03 6.787418185584104258e-01
6.590165787292754430e+03 6.786145620703544212e-01
6.591165812450158228e+03 6.784818646657755359e-01
6.592165837607562935e+03 6.783428884491363720e-01
6.593165862764966732e+03 6.781967955249005309e-01
6.594165887922370530e+03 6.780427479975306149e-01
6.595165913079775237e+03 6.778799079714892262e-01
6.596165938237179034e+03 6.777074375512397442e-01
6.597165963394582832e+03 6.775244988412449931e-01
6.598165988551986629e+03 6.773302539459677973e-01
6.599166013709390427e+03 6.771238649698709811e-01
6.600166038866794224e+03 6.769044940174178127e-01
6.601166064024198931e+03 6.766713031930706723e-01
6.602166089181603638e+03 6.764234546012927174e-01
6.603166114339006526e+03 6.761601103465474383e-01
6.604166139496411233e+03 6.758804325332967711e-01
6.605166164653815031e+03 6.755835832660044282e-01
6.606166189811218828e+03 6.752687246491331230e-01
6.607166214968623535e+03 6.749350187871452356e-01
6.608166240126027333e+03 6.745816277845044784e-01
6.609166265283431130e+03 6.742077137456735647e-01
6.610166290440835837e+03 6.738124387751148747e-01
6.611166315598239635e+03 6.733949649772921209e-01
6.612166340755643432e+03 6.729544544566676834e-01
6.613166365913048139e+03 6.724900693177043864e-01
6.614166391070451027e+03 6.720009716648662756e-01
6.615166416227855734e+03 6.714863236026143989e-01
6.616166441385259532e+03 6.709452872354133568e-01
6.617166466542664239e+03 6.703770246677247524e-01
6.618166491700068036e+03 6.697806980040126312e-01
6.619166516857471834e+03 6.691554693487395955e-01
6.620166542014876541e+03 6.685005008063678034e-01
6.621166567172279429e+03 6.678149544813619665e-01
6.622166592329684136e+03 6.670979924781824666e-01
6.623166617487088843e+03 6.663487769012936823e-01
6.624166642644492640e+03 6.655664698551591041e-01
6.625166667801896438e+03 6.647502334442408900e-01
6.626166692959300235e+03 6.638992297730021974e-01
6.627166718116704942e+03 6.630126209459049624e-01
6.628166743274108740e+03 6.620895690674136747e-01
6.629166768431512537e+03 6.611292362419907143e-01
6.630166793588916335e+03 6.601307854478541959e-01
6.631166818746321042e+03 6.590936752996198189e-01
6.632166843903725749e+03 6.580180888606012024e-01
6.633166869061128637e+03 6.569043181244852425e-01
6.634166894218532434e+03 6.557526550849533953e-01
6.635166919375936232e+03 6.545633917356911136e-01
6.636166944533340939e+03 6.533368200703819628e-01
6.637166969690745645e+03 6.520732320827115069e-01
6.638166994848149443e+03 6.507729197663656429e-01
6.639167020005553240e+03 6.494361751150277140e-01
6.640167045162957038e+03 6.480632901223822850e-01
6.641167070320360835e+03 6.466545567821141427e-01
6.642167095477765542e+03 6.452102670879061863e-01
6.643167120635169340e+03 6.437307130334459782e-01
6.644167145792573137e+03 6.422161866124165286e-01
6.645167170949977844e+03 6.406669798185010700e-01
6.646167196107381642e+03 6.390833846453869427e-01
6.647167221264785439e+03 6.374656930867574900e-01
6.648167246422190146e+03 6.358141971362956113e-01
6.649167271579593944e+03 6.341291887876888689e-01
6.650167296736997741e+03 6.324109600346206062e-01
6.651167321894402448e+03 6.306598028707735004e-01
6.652167347051806246e+03 6.288760092898354470e-01
6.653167372209210043e+03 6.270598712854893453e-01
6.654167397366613841e+03 6.252116808514199819e-01
6.655167422524017638e+03 6.233317299813115886e-01
6.656167447681422345e+03 6.214203106688473977e-01
6.657167472838827052e+03 6.194777149077134171e-01
6.658167497996229940e+03 6.175042346915979863e-01
6.659167523153634647e+03 6.155001620141781205e-01
6.660167548311038445e+03 6.134657888691443794e-01
6.661167573468442242e+03 6.114014072501793295e-01
6.662167598625846949e+03 6.093073091509653150e-01
6.663167623783250747e+03 6.071837865651912303e-01
6.664167648940654544e+03 6.050311314865391976e-01
6.665167674098059251e+03 6.028496359086923384e-01
6.666167699255463049e+03 6.006395918253388810e-01
6.667167724412866846e+03 5.984012912301615028e-01
6.668167749570270644e+03 5.961350261168447684e-01
6.669167774727675351e+03 5.938410884790712441e-01
6.670167799885079148e+03 5.915197703105294913e-01
6.671167825042482946e+03 5.891713636049022984e-01
6.672167850199886743e+03 5.867961603558738970e-01
6.673167875357291450e+03 5.843944525571267423e-01
6.674167900514695248e+03 5.819665322023501730e-01
6.675167925672099045e+03 5.795126912852260892e-01
6.676167950829503752e+03 5.770332217994370572e-01
6.677167975986907550e+03 5.745284157386719714e-01
6.678168001144311347e+03 5.719985650966135093e-01
6.679168026301716054e+03 5.694439618669435710e-01
6.680168051459118942e+03 5.668648980373217627e-01
6.681168076616524559e+03 5.642616635939062819e-01
6.682168101773927447e+03 5.616345436358133325e-01
6.683168126931332154e+03 5.589838225302011798e-01
6.684168152088735951e+03 5.563097846442470740e-01
6.685168177246139749e+03 5.536127143451189392e-01
6.686168202403544456e+03 5.508928959999840336e-01
6.687168227560948253e+03 5.481506139760176088e-01
6.688168252718352051e+03 5.453861526403870341e-01
6.689168277875756758e+03 5.425997963602601226e-01
6.690168303033160555e+03 5.397918295028116820e-01
6.691168328190564353e+03 5.369625364352094143e-01
6.692168353347969060e+03 5.341122015246207999e-01
6.693168378505372857e+03 5.312411091382212014e-01
6.694168403662776655e+03 5.283495436431779879e-01
6.695168428820180452e+03 5.254377894066611931e-01
6.696168453977584250e+03 5.225061307958409618e-01
6.697168479134988957e+03 5.195548521778846629e-01
6.698168504292392754e+03 5.165842379199676593e-01
6.699168529449796551e+03 5.135945723892573200e-01
6.700168554607201258e+03 5.105861399529212363e-01
6.701168579764605056e+03 5.075592249781346599e-01
6.702168604922009763e+03 5.045141118320621842e-01
6.703168630079412651e+03 5.014510848818823918e-01
6.704168655236817358e+03 4.983704284947539920e-01
6.705168680394221155e+03 4.952724270378556226e-01
6.706168705551624953e+03 4.921573648783544863e-01
6.707168730709029660e+03 4.890255263834177857e-01
6.708168755866433457e+03 4.858771959202212720e-01
6.709168781023838164e+03 4.827126578559293169e-01
6.710168806181241052e+03 4.795321965577206691e-01
6.711168831338645759e+03 4.763360963927537051e-01
6.712168856496049557e+03 4.731246417282074512e-01
6.713168881653453354e+03 4.698981169312487771e-01
6.714168906810857152e+03 4.666568063690478829e-01
6.715168931968261859e+03 4.634009944087719157e-01
6.716168957125665656e+03 4.601309654175969044e-01
6.717168982283070363e+03 4.568470037626867208e-01
6.718169007440474161e+03 4.535493938112176715e-01
6.719169032597877958e+03 4.502384199303567924e-01
6.720169057755281756e+03 4.469143664872740618e-01
6.721169082912685553e+03 4.435775178491395687e-01
6.722169108070090260e+03 4.402281583831204603e-01
6.723169133227494058e+03 4.368665724563927100e-01
6.724169158384898765e+03 4.334930444361204671e-01
6.725169183542302562e+03 4.301078586894797606e-01
6.726169208699706360e+03 4.267112995836376821e-01
6.727169233857111067e+03 4.233036514857612675e-01
6.728169259014514864e+03 4.198851987630266014e-01
6.729169284171918662e+03 4.164562257826008307e-01
6.730169309329323369e+03 4.130170170629945958e-01
6.731169334486727166e+03 4.095679063757552973e-01
6.732169359644130964e+03 4.061093473255977249e-01
6.733169384801534761e+03 4.026418113936182097e-01
6.734169409958939468e+03 3.991657700609099191e-01
6.735169435116343266e+03 3.956816948085754015e-01
6.736169460273747063e+03 3.921900571177080463e-01
6.737169485431150861e+03 3.886913284694039628e-01
6.738169510588554658e+03 3.851859803447596486e-01
6.739169535745959365e+03 3.816744842248681047e-01
6.740169560903364072e+03 3.781573115908289373e-01
6.741169586060766960e+03 3.746349339237450282e-01
6.742169611218170758e+03 3.711078227047027722e-01
6.743169636375575465e+03 3.675764494147988337e-01
6.744169661532979262e+03 3.640412855351357613e-01
6.745169686690383060e+03 3.605028025468067221e-01
6.746169711847787767e+03 3.569614719309048834e-01
6.747169737005191564e+03 3.534177651685330157e-01
6.748169762162595362e+03 3.498721537407841198e-01
6.749169787320000069e+03 3.463251091287514738e-01
6.750169812477403866e+03 3.427771028135377374e-01
6.751169837634807664e+03 3.392286062762360777e-01
6.752169862792212371e+03 3.356800909979396064e-01
6.753169887949616168e+03 3.321320284597510941e-01
6.754169913107019966e+03 3.285848901427636526e-01
6.755169938264423763e+03 3.250391475280736131e-01
6.756169963421828470e+03 3.214952720967741429e-01
6.757169988579232268e+03 3.179537353299679014e-01
6.758170013736636065e+03 3.144150087087481671e-01
6.759170038894040772e+03 3.108795637142079404e-01
6.760170064051444569e+03 3.073478718274499366e-01
6.761170089208848367e+03 3.038204045295673783e-01
6.762170114366253074e+03 3.002976333016535437e-01
6.763170139523656871e+03 2.967800296248108149e-01
6.764170164681060669e+03 2.932680649801325257e-01
6.765170189838465376e+03 2.897622108487119541e-01
6.766170214995869173e+03 2.862629387116515378e-01
6.767170240153272971e+03 2.827707200500446105e-01
6.768170265310677678e+03 2.792860263449842839e-01
6.769170290468081475e+03 2.758093290775731621e-01
6.770170315625484363e+03 2.723410997289077429e-01
6.771170340782889070e+03 2.688818097800747542e-01
6.772170365940293777e+03 2.654319307121768556e-01
6.773170391097697575e+03 2.619919340063135982e-01
6.774170416255101372e+03 2.585622911435780935e-01
6.775170441412506079e+03 2.551434736050636198e-01
6.776170466569908967e+03 2.517359528718758344e-01
6.777170491727312765e+03 2.483402004251016593e-01
6.778170516884717472e+03 2.449566877458375924e-01
6.779170542042121269e+03 2.415858863151860436e-01
6.780170567199525067e+03 2.382282676129391374e-01
6.781170592356929774e+03 2.348843027034908104e-01
6.782170617514334481e+03 2.315544616441772285e-01
6.783170642671738278e+03 2.282392143426975606e-01
6.784170667829141166e+03 2.249390307067480610e-01
6.785170692986545873e+03 2.216543806440159636e-01
6.786170718143949671e+03 2.183857340622065157e-01
6.787170743301353468e+03 2.151335608690129186e-01
6.788170768458758175e+03 2.118983309721284569e-01
6.789170793616162882e+03 2.086805142792524659e-01
6.790170818773565770e+03 2.054805806980868621e-01
6.791170843930969568e+03 2.022990001363191570e-01
6.792170869088375184e+03 1.991362425016428295e-01
6.793170894245778982e+03 1.959927777017655692e-01
6.794170919403182779e+03 1.928690756443778576e-01
6.795170944560586577e+03 1.897656062371759766e-01
6.796170969717991284e+03 1.866828393878532943e-01
6.797170994875394172e+03 1.836212450041145028e-01
6.798171020032798879e+03 1.805812929936446709e-01
6.799171045190202676e+03 1.775634532641483521e-01
6.800171070347607383e+03 1.745681957233163328e-01
6.801171095505011181e+03 1.715959902788502800e-01
6.802171120662414978e+03 1.686473068384436724e-01
6.803171145819818776e+03 1.657226153097928478e-01
6.804171170977222573e+03 1.628223856005939496e-01
6.805171196134627280e+03 1.599470876185406509e-01
6.806171221292031987e+03 1.570971912713318430e-01
6.807171246449434875e+03 1.542731664666688318e-01
6.808171271606839582e+03 1.514754831122376577e-01
6.809171296764243380e+03 1.487046111157422079e-01
6.810171321921647177e+03 1.459610203848761278e-01
6.811171347079051884e+03 1.432451808273332294e-01
6.812171372236455682e+03 1.405575623508147354e-01
6.813171397393859479e+03 1.378986348630142911e-01
6.814171422551264186e+03 1.352688682716259028e-01
6.815171447708667074e+03 1.326687324843528470e-01
6.816171472866071781e+03 1.300986974088819137e-01
6.817171498023476488e+03 1.275592329529141034e-01
6.818171523180879376e+03 1.250508090241502224e-01
6.819171548338284083e+03 1.225738955302773797e-01
6.820171573495687880e+03 1.201289623789985744e-01
6.821171598653091678e+03 1.177164794780078266e-01
6.822171623810496385e+03 1.153369167349991842e-01
6.823171648967900182e+03 1.129907440576732869e-01
6.824171674125303980e+03 1.106784313537241271e-01
6.825171699282708687e+03 1.084004485308459054e-01
6.826171724440112484e+03 1.061572654967390256e-01
6.827171749597516282e+03 1.039493521590976188e-01
6.828171774754920989e+03 1.017771784256159689e-01
6.829171799912323877e+03 9.964121420399621454e-02
6.830171825069729493e+03 9.754192870117740777e-02
6.831171850227132381e+03 9.547957163793285851e-02
6.832171875384537088e+03 9.345386252346722655e-02
6.833171900541940886e+03 9.146444239624923478e-02
6.834171925699344683e+03 8.951095229474015369e-02
6.835171950856749390e+03 8.759303325740136481e-02
6.836171976014153188e+03 8.571032632269950935e-02
6.837172001171556985e+03 8.386247252909595495e-02
6.838172026328960783e+03 8.204911291505381787e-02
6.839172051486365490e+03 8.026988851903464617e-02
6.840172076643769287e+03 7.852444037950480349e-02
6.841172101801173085e+03 7.681240953492578238e-02
6.842172126958576882e+03 7.513343702376072686e-02
6.843172152115981589e+03 7.348716388447125436e-02
6.844172177273385387e+03 7.187323115552352037e-02
6.845172202430790094e+03 7.029127987537772682e-02
6.846172227588192982e+03 6.874095108250126429e-02
6.847172252745597689e+03 6.722188581535161467e-02
6.848172277903001486e+03 6.573372511239611304e-02
6.849172303060406193e+03 6.427611001209516950e-02
6.850172328217809991e+03 6.284868155291457870e-02
6.851172353375213788e+03 6.145108077331613156e-02
6.852172378532617586e+03 6.008294871176295820e-02
6.853172403690022293e+03 5.874392640671698140e-02
6.854172428847426090e+03 5.743365489664377377e-02
6.855172454004830797e+03 5.615177522000407845e-02
6.856172479162234595e+03 5.489792841526337785e-02
6.857172504319638392e+03 5.367175552088358781e-02
6.858172529477042190e+03 5.247289757532786619e-02
6.859172554634445987e+03 5.130099561705934313e-02
6.860172579791850694e+03 5.015569068454011487e-02
6.861172604949254492e+03 4.903662381623539318e-02
6.862172630106658289e+03 4.794343605060726043e-02
6.863172655264062087e+03 4.687576842611885369e-02
6.864172680421466794e+03 4.583326198123238021e-02
6.865172705578870591e+03 4.481555775441282974e-02
6.866172730736275298e+03 4.382229678412150053e-02
6.867172755893679096e+03 4.285312010882335459e-02
6.868172781051083803e+03 4.190766876697971793e-02
6.869172806208486691e+03 4.098558379705630195e-02
6.870172831365891398e+03 4.008650623751288528e-02
6.871172856523295195e+03 3.921007712681506135e-02
6.872172881680698993e+03 3.835593750342512764e-02
6.873172906838103700e+03 3.752372840580549956e-02
6.874172931995507497e+03 3.671309087242081992e-02
6.875172957152912204e+03 3.592366594173270616e-02
6.876172982310315092e+03 3.515509465220646029e-02
6.877173007467718890e+03 3.440701804230306832e-02
6.878173032625123597e+03 3.367907715048572281e-02
6.879173057782527394e+03 3.297091301521887924e-02
6.880173082939931192e+03 3.228216667496497383e-02
6.881173108097335898e+03 3.161247916818657466e-02
6.882173133254739696e+03 3.096149153334802270e-02
6.883173158412143493e+03 3.032884480891182358e-02
6.884173183569548200e+03 2.971418003334055924e-02
6.885173208726951998e+03 2.911713824509847698e-02
6.886173233884355795e+03 2.853736048264814834e-02
6.887173259041760502e+03 2.797448778445220038e-02
6.888173284199164300e+03 2.742816118897477978e-02
6.889173309356568097e+03 2.689802173467850319e-02
6.890173334513971895e+03 2.638371046002650766e-02
6.891173359671376602e+03 2.588486840348147577e-02
6.892173384828780399e+03 2.540113660350744665e-02
6.893173409986184197e+03 2.493215609856707857e-02
6.894173435143588904e+03 2.447756792712311308e-02
6.895173460300992701e+03 2.403701312763950951e-02
6.896173485458396499e+03 2.361013273857896083e-02
6.897173510615800296e+03 2.319656779840462146e-02
6.898173535773205003e+03 2.279595934557924683e-02
6.899173560930608801e+03 2.240794841856670605e-02
6.900173586088012598e+03 2.203217605582976149e-02
6.901173611245417305e+03 2.166828329583121368e-02
6.902173636402821103e+03 2.131591117703485888e-02
6.903173661560224900e+03 2.097470073790349762e-02
6.904173686717629607e+03 2.064429301689995819e-02
6.905173711875032495e+03 2.032432905248825888e-02
6.906173737032437202e+03 2.001444988313037798e-02
6.907173762189841000e+03 1.971429654729029216e-02
6.908173787347245707e+03 1.942351008343059723e-02
6.909173812504648595e+03 1.914173153001520397e-02
6.910173837662053302e+03 1.886860192550620860e-02
6.911173862819457099e+03 1.860376230836751493e-02
6.912173887976861806e+03 1.834685371706176044e-02
6.913173913134265604e+03 1.809751719005255402e-02
6.914173938291669401e+03 1.785539376580277948e-02
6.915173963449074108e+03 1.762012448277536919e-02
6.916173988606477906e+03 1.739135037943387307e-02
6.917174013763881703e+03 1.716871249424120616e-02
6.918174038921285501e+03 1.695185186566050897e-02
6.919174064078689298e+03 1.674040953215490471e-02
6.920174089236094005e+03 1.653402653218733961e-02
6.921174114393497803e+03 1.633234390422132892e-02
6.922174139550902510e+03 1.613500268671962806e-02
6.923174164708306307e+03 1.594164391814573492e-02
6.924174189865710105e+03 1.575190863696258881e-02
6.925174215023114812e+03 1.556543788163316719e-02
6.926174240180518609e+03 1.538187269062092979e-02
6.927174265337922407e+03 1.520085410238884716e-02
6.928174290495327114e+03 1.502202315539987940e-02
6.929174315652730002e+03 1.484502088811764930e-02
