3.070077233230463662e+03 2.239325921859473476e-02
3.090077736378544614e+03 3.266190230003262335e-02
3.110078239526626021e+03 4.652515211191821792e-02
3.130078742674707428e+03 6.306847811916092839e-02
3.150079245822788380e+03 8.086858677965116926e-02
3.170079748970869787e+03 9.875651865730172840e-02
3.190080252118950739e+03 1.159310507869887596e-01
3.210080755267032146e+03 1.321283930092856662e-01
3.230081258415113098e+03 1.474606752465651427e-01
3.250081761563194505e+03 1.619734087973130343e-01
3.270082264711275457e+03 1.754860268200073292e-01
3.290082767859356863e+03 1.876164934536314610e-01
3.310083271007438270e+03 1.981088611969648305e-01
3.322083572896286569e+03 2.036334621115135357e-01
3.323083598053690821e+03 2.040702811638272496e-01
3.324083623211095073e+03 2.045036757766539592e-01
3.325083648368498871e+03 2.049336889884737223e-01
3.326083673525903123e+03 2.053603638377671237e-01
3.327083698683306920e+03 2.057837433630139712e-01
3.328083723840711173e+03 2.062038706026949053e-01
3.329083748998114970e+03 2.066207885952897616e-01
3.330083774155519222e+03 2.070345403775533943e-01
3.331083799312923475e+03 2.074451652563866766e-01
3.332083824470327272e+03 2.078526909151472424e-01
3.333083849627731524e+03 2.082571427793616370e-01
3.334083874785135322e+03 2.086585462745557673e-01
3.335083899942539574e+03 2.090569268262560121e-01
3.336083925099943372e+03 2.094523098599883337e-01
3.337083950257347624e+03 2.098447208012791665e-01
3.338083975414751876e+03 2.102341850756545838e-01
3.339084000572155674e+03 2.106207281086405481e-01
3.340084025729559471e+03 2.110043753257634103e-01
3.341084050886963723e+03 2.113851521525495492e-01
3.342084076044367976e+03 2.117630840145249271e-01
3.343084101201772228e+03 2.121381963372157287e-01
3.344084126359176025e+03 2.125105145461479716e-01
3.345084151516580278e+03 2.128800640668481736e-01
3.346084176673984530e+03 2.132468703248423525e-01
3.347084201831388327e+03 2.136109587456564707e-01
3.348084226988792125e+03 2.139723547548169347e-01
3.349084252146196377e+03 2.143310837778500677e-01
3.350084277303600629e+03 2.146871712402818599e-01
3.351084302461004881e+03 2.150406425676384403e-01
3.352084327618408679e+03 2.153915231854459655e-01
3.353084352775812476e+03 2.157398385192306201e-01
3.354084377933216729e+03 2.160856139945188381e-01
3.355084403090620526e+03 2.164288750428739472e-01
3.356084428248024778e+03 2.167696598768609206e-01
3.357084453405428576e+03 2.171080464654739084e-01
3.358084478562832828e+03 2.174441204855175058e-01
3.359084503720237080e+03 2.177779676137960030e-01
3.360084528877640878e+03 2.181096735271134401e-01
3.361084554035045130e+03 2.184393239022744126e-01
3.362084579192449382e+03 2.187670044160831551e-01
3.363084604349853180e+03 2.190928007453438187e-01
3.364084629507257432e+03 2.194167985668609433e-01
3.365084654664661684e+03 2.197390835574387913e-01
3.366084679822065482e+03 2.200597413938814306e-01
3.367084704979469734e+03 2.203788577529935122e-01
3.368084730136873532e+03 2.206965183115790485e-01
3.369084755294277329e+03 2.210128087464424407e-01
3.370084780451682036e+03 2.213278147343884228e-01
3.371084805609085379e+03 2.216416219522204245e-01
3.372084830766489631e+03 2.219543160767435963e-01
3.373084855923893883e+03 2.222659827847618674e-01
3.374084881081297681e+03 2.225767077530794447e-01
3.375084906238701933e+03 2.228865766585009789e-01
3.376084931396106185e+03 2.231956751778305381e-01
3.377084956553509983e+03 2.235040889878723569e-01
3.378084981710914235e+03 2.238119037654309751e-01
3.379085006868318033e+03 2.241192051873104885e-01
3.380085032025722285e+03 2.244260789152958679e-01
3.381085057183126537e+03 2.247325794631435392e-01
3.382085082340530334e+03 2.250386646351411613e-01
3.383085107497934587e+03 2.253442735217312531e-01
3.384085132655338839e+03 2.256493452133559729e-01
3.385085157812742182e+03 2.259538188004571457e-01
3.386085182970146889e+03 2.262576333734777900e-01
3.387085208127550686e+03 2.265607280228594533e-01
3.388085233284954484e+03 2.268630418390446268e-01
3.389085258442358736e+03 2.271645139124756629e-01
3.390085283599762533e+03 2.274650833335945255e-01
3.391085308757167240e+03 2.277646891928438999e-01
3.392085333914570583e+03 2.280632705806652782e-01
3.393085359071974835e+03 2.283607665875015957e-01
3.394085384229379088e+03 2.286571163037948162e-01
3.395085409386782885e+03 2.289522588199870423e-01
3.396085434544187592e+03 2.292461332265209595e-01
3.397085459701591390e+03 2.295386786138381430e-01
3.398085484858995642e+03 2.298298340723813060e-01
3.399085510016399439e+03 2.301195386925924125e-01
3.400085535173803692e+03 2.304077315649139812e-01
3.401085560331207489e+03 2.306943517797879206e-01
3.402085585488611287e+03 2.309793384276566386e-01
3.403085610646015994e+03 2.312626305989626263e-01
3.404085635803419791e+03 2.315441673841476256e-01
3.405085660960823589e+03 2.318238878724445118e-01
3.406085686118227841e+03 2.321017286954278613e-01
3.407085711275632093e+03 2.323776188681612453e-01
3.408085736433035891e+03 2.326514859346820174e-01
3.409085761590439688e+03 2.329232574390277810e-01
3.410085786747843940e+03 2.331928609252362505e-01
3.411085811905248192e+03 2.334602239373448074e-01
3.412085837062651990e+03 2.337252740193908052e-01
3.413085862220056242e+03 2.339879387154120693e-01
3.414085887377460494e+03 2.342481455694459536e-01
3.415085912534864747e+03 2.345058221255300335e-01
3.416085937692268544e+03 2.347608959277016627e-01
3.417085962849672342e+03 2.350132945199985557e-01
3.418085988007076594e+03 2.352629454464582603e-01
3.419086013164480391e+03 2.355097762511181303e-01
3.420086038321884644e+03 2.357537144780158800e-01
3.421086063479288441e+03 2.359946876711888353e-01
3.422086088636692693e+03 2.362326233746747106e-01
3.423086113794096491e+03 2.364674491325108596e-01
3.424086138951500743e+03 2.366990924887349690e-01
3.425086164108904995e+03 2.369274809873844478e-01
3.426086189266308793e+03 2.371525421724968163e-01
3.427086214423713045e+03 2.373742035881096502e-01
3.428086239581117297e+03 2.375923927782604972e-01
3.429086264738521095e+03 2.378070372869867388e-01
3.430086289895925347e+03 2.380180646707433789e-01
3.431086315053329145e+03 2.382254272113769888e-01
3.432086340210733397e+03 2.384291536753414820e-01
3.433086365368137649e+03 2.386292875728588114e-01
3.434086390525541901e+03 2.388258724141510414e-01
3.435086415682945699e+03 2.390189517094400418e-01
3.436086440840349496e+03 2.392085689689480432e-01
3.437086465997753749e+03 2.393947677028970267e-01
3.438086491155157546e+03 2.395775914215089175e-01
3.439086516312561798e+03 2.397570836350059742e-01
3.440086541469965596e+03 2.399332878536099278e-01
3.441086566627369848e+03 2.401062475875430924e-01
3.442086591784774100e+03 2.402760063470273100e-01
3.443086616942177898e+03 2.404426076422846170e-01
3.444086642099582150e+03 2.406060949835371610e-01
3.445086667256985947e+03 2.407665118810067839e-01
3.446086692414390200e+03 2.409239018449157443e-01
3.447086717571794452e+03 2.410783083854859121e-01
3.448086742729198249e+03 2.412297750129392682e-01
3.449086767886602502e+03 2.413783452374980154e-01
3.450086793044006299e+03 2.415240625693840792e-01
3.451086818201410551e+03 2.416669705188194961e-01
3.452086843358814804e+03 2.418071125960263301e-01
3.453086868516218601e+03 2.419445323112265067e-01
3.454086893673622853e+03 2.420792731746421733e-01
3.455086918831026651e+03 2.422113787016299258e-01
3.456086943988430903e+03 2.423409024282952573e-01
3.457086969145834701e+03 2.424679288312573122e-01
3.458086994303238953e+03 2.425925483400815652e-01
3.459087019460642750e+03 2.427148513843333244e-01
3.460087044618047003e+03 2.428349283935781477e-01
3.461087069775451255e+03 2.429528697973812601e-01
3.462087094932855052e+03 2.430687660253081084e-01
3.463087120090259305e+03 2.431827075069241118e-01
3.464087145247663557e+03 2.432947846717946616e-01
3.465087170405067354e+03 2.434050879494850383e-01
3.466087195562471152e+03 2.435137077695607721e-01
3.467087220719875404e+03 2.436207345615872266e-01
3.468087245877279656e+03 2.437262587551298210e-01
3.469087271034683454e+03 2.438303707797538356e-01
3.470087296192087706e+03 2.439331610650247451e-01
3.471087321349491958e+03 2.440347200405079409e-01
3.472087346506895756e+03 2.441351381357687866e-01
3.473087371664299553e+03 2.442345057803727015e-01
3.474087396821703805e+03 2.443329134038850770e-01
3.475087421979108058e+03 2.444304514358713321e-01
3.476087447136511855e+03 2.445272103058967195e-01
3.477087472293916107e+03 2.446232804435268804e-01
3.478087497451320360e+03 2.447187522783269842e-01
3.479087522608724157e+03 2.448137162398624778e-01
3.480087547766128409e+03 2.449082627409210344e-01
3.481087572923532207e+03 2.450024500970401087e-01
3.482087598080936459e+03 2.450962377019927363e-01
3.483087623238340257e+03 2.451895659533790128e-01
3.484087648395744509e+03 2.452823752487993947e-01
3.485087673553148306e+03 2.453746059858539774e-01
3.486087698710552559e+03 2.454661985621431064e-01
3.487087723867956811e+03 2.455570933752669605e-01
3.488087749025360608e+03 2.456472308228258294e-01
3.489087774182764861e+03 2.457365513024200032e-01
3.490087799340169113e+03 2.458249952116496884e-01
3.491087824497572910e+03 2.459125029481150915e-01
3.492087849654977163e+03 2.459990149094165857e-01
3.493087874812381415e+03 2.460844714931543775e-01
3.494087899969785212e+03 2.461688130969286181e-01
3.495087925127189465e+03 2.462519801183397361e-01
3.496087950284593262e+03 2.463339129549878548e-01
3.497087975441997514e+03 2.464145520044732918e-01
3.498088000599401312e+03 2.464938376643962814e-01
3.499088025756805109e+03 2.465717103323570303e-01
3.500088050914209362e+03 2.466481104059559115e-01
3.501088076071613159e+03 2.467229782827930484e-01
3.502088101229017411e+03 2.467962543604687864e-01
3.503088126386421663e+03 2.468678790365833597e-01
3.504088151543825461e+03 2.469377927087369751e-01
3.505088176701229713e+03 2.470059357763086938e-01
3.506088201858633965e+03 2.470722519748642654e-01
3.507088227016038218e+03 2.471366953028972524e-01
3.508088252173442015e+03 2.471992217259502134e-01
3.509088277330846267e+03 2.472597872095657345e-01
3.510088302488250065e+03 2.473183477192863466e-01
3.511088327645654317e+03 2.473748592206545804e-01
3.512088352803058115e+03 2.474292776792130499e-01
3.513088377960462367e+03 2.474815590605043414e-01
3.514088403117866164e+03 2.475316593300709578e-01
3.515088428275270417e+03 2.475795344534554854e-01
3.516088453432674214e+03 2.476251403962004827e-01
3.517088478590078466e+03 2.476684331238485359e-01
3.518088503747482264e+03 2.477093686019422036e-01
3.519088528904886516e+03 2.477479027960240443e-01
3.520088554062290314e+03 2.477839916716365609e-01
3.521088579219694566e+03 2.478175911943224230e-01
3.522088604377098818e+03 2.478486573296240780e-01
3.523088629534502616e+03 2.478771460430842233e-01
3.524088654691906868e+03 2.479030133002453062e-01
3.525088679849311120e+03 2.479262150666499132e-01
3.526088705006715372e+03 2.479467073078406858e-01
3.527088730164118715e+03 2.479644459893600439e-01
3.528088755321522967e+03 2.479793870767506847e-01
3.529088780478927220e+03 2.479914865355551112e-01
3.530088805636331017e+03 2.480007003460414083e-01
3.531088830793735269e+03 2.480070115708033207e-01
3.532088855951139067e+03 2.480104864304128187e-01
3.533088881108543319e+03 2.480112070535066271e-01
3.534088906265947571e+03 2.480092555687213041e-01
3.535088931423351369e+03 2.480047141046936021e-01
3.536088956580756076e+03 2.479976647900601905e-01
3.537088981738159873e+03 2.479881897534576829e-01
3.538089006895563671e+03 2.479763711235228318e-01
3.539089032052967923e+03 2.479622910288922788e-01
3.540089057210371720e+03 2.479460315982026652e-01
3.541089082367775973e+03 2.479276749600906604e-01
3.542089107525179770e+03 2.479073032431929891e-01
3.543089132682584022e+03 2.478849985761462649e-01
3.544089157839988275e+03 2.478608430875872126e-01
3.545089182997392072e+03 2.478349189061524460e-01
3.546089208154796324e+03 2.478073081604786621e-01
3.547089233312200122e+03 2.477780929792025577e-01
3.548089258469603919e+03 2.477473554909608022e-01
3.549089283627008626e+03 2.477151778243900093e-01
3.550089308784412424e+03 2.476816421081269315e-01
3.551089333941816676e+03 2.476468304708081547e-01
3.552089359099220928e+03 2.476108250410703759e-01
3.553089384256624726e+03 2.475737079475503200e-01
3.554089409414028523e+03 2.475355613188846282e-01
3.555089434571432776e+03 2.474964672812084709e-01
3.556089459728837028e+03 2.474565034488802329e-01
3.557089484886240825e+03 2.474157336081479197e-01
3.558089510043645078e+03 2.473742189050060769e-01
3.559089535201049330e+03 2.473320204854493887e-01
3.560089560358453127e+03 2.472891994954724559e-01
3.561089585515856925e+03 2.472458170810697964e-01
3.562089610673261177e+03 2.472019343882360942e-01
3.563089635830664974e+03 2.471576125629659504e-01
3.564089660988069227e+03 2.471129127512539103e-01
3.565089686145473479e+03 2.470678960990946305e-01
3.566089711302877276e+03 2.470226237524827395e-01
3.567089736460281529e+03 2.469771568574127829e-01
3.568089761617685781e+03 2.469315565598793616e-01
3.569089786775089578e+03 2.468858840058771875e-01
3.570089811932493831e+03 2.468402003414007229e-01
3.571089837089897628e+03 2.467945667124446241e-01
3.572089862247301880e+03 2.467490442650035476e-01
3.573089887404706133e+03 2.467036941450720111e-01
3.574089912562109930e+03 2.466585774986446988e-01
3.575089937719513728e+03 2.466137554717161839e-01
3.576089962876917980e+03 2.465692892102810119e-01
3.577089988034321777e+03 2.465252398603339223e-01
3.578090013191726030e+03 2.464816685678694053e-01
3.579090038349129827e+03 2.464386364788820893e-01
3.580090063506534079e+03 2.463962047295494007e-01
3.581090088663938332e+03 2.463544170881817597e-01
3.582090113821342584e+03 2.463132641907247455e-01
3.583090138978746381e+03 2.462727265477489269e-01
3.584090164136150634e+03 2.462327846698249001e-01
3.585090189293554431e+03 2.461934190675231504e-01
3.586090214450958683e+03 2.461546102514142742e-01
3.587090239608362936e+03 2.461163387320687845e-01
3.588090264765766733e+03 2.460785850200573055e-01
3.589090289923170531e+03 2.460413296259503779e-01
3.590090315080574783e+03 2.460045530603185149e-01
3.591090340237979035e+03 2.459682358337322849e-01
3.592090365395383287e+03 2.459323584567622567e-01
3.593090390552787085e+03 2.458969014399790265e-01
3.594090415710190882e+03 2.458618452939531351e-01
3.595090440867595134e+03 2.458271705292550957e-01
3.596090466024998932e+03 2.457928576564555045e-01
3.597090491182403184e+03 2.457588871861248747e-01
3.598090516339807436e+03 2.457252396288338026e-01
3.599090541497211689e+03 2.456918954951528566e-01
3.600090566654615486e+03 2.456588352956525778e-01
3.601090591812019738e+03 2.456260395409035069e-01
3.602090616969423536e+03 2.455934887414762124e-01
3.603090642126827788e+03 2.455611634079412631e-01
3.604090667284231586e+03 2.455290440508692273e-01
3.605090692441635383e+03 2.454971111757952296e-01
3.606090717599039635e+03 2.454653365493309203e-01
3.607090742756444342e+03 2.454336652530248186e-01
3.608090767913848140e+03 2.454020372928035765e-01
3.609090793071251937e+03 2.453703926745939567e-01
3.610090818228655735e+03 2.453386714043227779e-01
3.611090843386060442e+03 2.453068134879166917e-01
3.612090868543464239e+03 2.452747589313025445e-01
3.613090893700868037e+03 2.452424477404070713e-01
3.614090918858272289e+03 2.452098199211570073e-01
3.615090944015676541e+03 2.451768154794790877e-01
3.616090969173080339e+03 2.451433744213001309e-01
3.617090994330484591e+03 2.451094367525468165e-01
3.618091019487888389e+03 2.450749424791459630e-01
3.619091044645292641e+03 2.450398316070243054e-01
3.620091069802696438e+03 2.450040441421085791e-01
3.621091094960100691e+03 2.449675200903255745e-01
3.622091120117504943e+03 2.449301994576019992e-01
3.623091145274908740e+03 2.448920222498646437e-01
3.624091170432312992e+03 2.448529284730402156e-01
3.625091195589717245e+03 2.448128581330555331e-01
3.626091220747120587e+03 2.447717512358373593e-01
3.627091245904525294e+03 2.447295477873124014e-01
3.628091271061929092e+03 2.446861877934074225e-01
3.629091296219332889e+03 2.446416112600491855e-01
3.630091321376737142e+03 2.445957581898433875e-01
3.631091346534141394e+03 2.445485629304675612e-01
3.632091371691545646e+03 2.444999425936492110e-01
3.633091396848949444e+03 2.444498110190269080e-01
3.634091422006353696e+03 2.443980820462392234e-01
3.635091447163757039e+03 2.443446695149247561e-01
3.636091472321161291e+03 2.442894872647219662e-01
3.637091497478565998e+03 2.442324491352695082e-01
3.638091522635969795e+03 2.441734689662059810e-01
3.639091547793374048e+03 2.441124605971699002e-01
3.640091572950777845e+03 2.440493378677998648e-01
3.641091598108182097e+03 2.439840146177344460e-01
3.642091623265586350e+03 2.439164046866121316e-01
3.643091648422990147e+03 2.438464219140716316e-01
3.644091673580393945e+03 2.437739801397514616e-01
3.645091698737798197e+03 2.436989932032901374e-01
3.646091723895202449e+03 2.436213749443262577e-01
3.647091749052606247e+03 2.435410392024984494e-01
3.648091774210010044e+03 2.434578998174452003e-01
3.649091799367414296e+03 2.433718706288051370e-01
3.650091824524818549e+03 2.432828654762167753e-01
3.651091849682222346e+03 2.431907981993187695e-01
3.652091874839626598e+03 2.430955826377495799e-01
3.653091899997030396e+03 2.429971326311479440e-01
3.654091925154434648e+03 2.428953620191522111e-01
3.655091950311838445e+03 2.427901846353318627e-01
3.656091975469242698e+03 2.426815041723541511e-01
3.657092000626646950e+03 2.425691934709278130e-01
3.658092025784050747e+03 2.424531195259969074e-01
3.659092050941455000e+03 2.423331493325054375e-01
3.660092076098858797e+03 2.422091498853976010e-01
3.661092101256263049e+03 2.420809881796174012e-01
3.662092126413666847e+03 2.419485312101090080e-01
3.663092151571071099e+03 2.418116459718163691e-01
3.664092176728474897e+03 2.416701994596836545e-01
3.665092201885879149e+03 2.415240586686549507e-01
3.666092227043283401e+03 2.413730905936742610e-01
3.667092252200687199e+03 2.412171622296858109e-01
3.668092277358091906e+03 2.410561405716334371e-01
3.669092302515495703e+03 2.408898926144615593e-01
3.670092327672899955e+03 2.407182853531139866e-01
3.671092352830303753e+03 2.405411857825349997e-01
3.672092377987707550e+03 2.403584608976685466e-01
3.673092403145111803e+03 2.401699776934586861e-01
3.674092428302515600e+03 2.399756031648496157e-01
3.675092453459919852e+03 2.397752043067853112e-01
3.676092478617323650e+03 2.395686481142099422e-01
3.677092503774727902e+03 2.393558015820674845e-01
3.678092528932132154e+03 2.391365317053021078e-01
3.679092554089535952e+03 2.389107054788579265e-01
3.680092579246940204e+03 2.386781899208393898e-01
3.681092604404344456e+03 2.384388900278187617e-01
3.682092629561748254e+03 2.381928261262416524e-01
3.683092654719152051e+03 2.379400403532200003e-01
3.684092679876556758e+03 2.376805748458655776e-01
3.685092705033960556e+03 2.374144717412908501e-01
3.686092730191364808e+03 2.371417731766074788e-01
3.687092755348769060e+03 2.368625212889276244e-01
3.688092780506172403e+03 2.365767582153635029e-01
3.689092805663576655e+03 2.362845260930266644e-01
3.690092830820980907e+03 2.359858670590293250e-01
3.691092855978384705e+03 2.356808232504837008e-01
3.692092881135788957e+03 2.353694368045014806e-01
3.693092906293193209e+03 2.350517498581948528e-01
3.694092931450597007e+03 2.347278045486759501e-01
3.695092956608001259e+03 2.343976430130565169e-01
3.696092981765405511e+03 2.340613073884486584e-01
3.697093006922808854e+03 2.337188398119647570e-01
3.698093032080213106e+03 2.333702824207161963e-01
3.699093057237617359e+03 2.330156773518152480e-01
3.700093082395021156e+03 2.326550667423741281e-01
3.701093107552425408e+03 2.322884927295045532e-01
3.702093132709829661e+03 2.319159974503186838e-01
3.703093157867233458e+03 2.315376230419286530e-01
3.704093183024637710e+03 2.311534116414461770e-01
3.705093208182041963e+03 2.307634053858654000e-01
3.706093233339445760e+03 2.303676462221865839e-01
3.707093258496849558e+03 2.299661755215159087e-01
3.708093283654253810e+03 2.295590345462574788e-01
3.709093308811658062e+03 2.291462645588158153e-01
3.710093333969061860e+03 2.287279068215952726e-01
3.711093359126466112e+03 2.283040025969998166e-01
3.712093384283869909e+03 2.278745931474340791e-01
3.713093409441274162e+03 2.274397197353019706e-01
3.714093434598677959e+03 2.269994236230081786e-01
3.715093459756082666e+03 2.265537460729563080e-01
3.716093484913486463e+03 2.261027283475515182e-01
3.717093510070890716e+03 2.256464117091974142e-01
3.718093535228294513e+03 2.251848374202987391e-01
3.719093560385698765e+03 2.247180467432593753e-01
3.720093585543102563e+03 2.242460809404838995e-01
3.721093610700506360e+03 2.237689812743764717e-01
3.722093635857910613e+03 2.232867890073411687e-01
3.723093661015314410e+03 2.227995454017826782e-01
3.724093686172719117e+03 2.223072917201045773e-01
3.725093711330122915e+03 2.218100692247120254e-01
3.726093736487527167e+03 2.213079191780087107e-01
3.727093761644930964e+03 2.208008828423992931e-01
3.728093786802335217e+03 2.202890014802875995e-01
3.729093811959739014e+03 2.197723163540784286e-01
3.730093837117143266e+03 2.192508687131161926e-01
3.731093862274547519e+03 2.187246791726181194e-01
3.732093887431951316e+03 2.181937059186372374e-01
3.733093912589355114e+03 2.176578953760370527e-01
3.734093937746759366e+03 2.171171939696810160e-01
3.735093962904163618e+03 2.165715481244330221e-01
3.736093988061567870e+03 2.160209042651568545e-01
3.737094013218971668e+03 2.154652088167163804e-01
3.738094038376375920e+03 2.149044082039748838e-01
3.739094063533779263e+03 2.143384488517967590e-01
3.740094088691183970e+03 2.137672771850444853e-01
3.741094113848587767e+03 2.131908396285830121e-01
3.742094139005992020e+03 2.126090826072753182e-01
3.743094164163396272e+03 2.120219525459852705e-01
3.744094189320800069e+03 2.114293958695769304e-01
3.745094214478203867e+03 2.108313590029137208e-01
3.746094239635608119e+03 2.102277883708590644e-01
3.747094264793011916e+03 2.096186303982771892e-01
3.748094289950416169e+03 2.090038315100312405e-01
3.749094315107820421e+03 2.083833381309851962e-01
3.750094340265224673e+03 2.077570966860028123e-01
3.751094365422628471e+03 2.071250535999480669e-01
3.752094390580032268e+03 2.064871552976843272e-01
3.753094415737436520e+03 2.058433482040750162e-01
3.754094440894840773e+03 2.051935787439841674e-01
3.755094466052244570e+03 2.045377933417413252e-01
3.756094491209648822e+03 2.038759375926118278e-01
3.757094516367052620e+03 2.032079545881296800e-01
3.758094541524456872e+03 2.025337869490460851e-01
3.759094566681860670e+03 2.018533772961132455e-01
3.760094591839264922e+03 2.011666682500822534e-01
3.761094616996669174e+03 2.004736024317050613e-01
3.762094642154072972e+03 1.997741224617337052e-01
3.763094667311477224e+03 1.990681709609191941e-01
3.764094692468881021e+03 1.983556905500138412e-01
3.765094717626285274e+03 1.976366238497687111e-01
3.766094742783689526e+03 1.969109134809357564e-01
3.767094767941093778e+03 1.961785020642666799e-01
3.768094793098497576e+03 1.954393322205135175e-01
3.769094818255901828e+03 1.946933465704272226e-01
3.770094843413305625e+03 1.939404877347601919e-01
3.771094868570709878e+03 1.931806983342633788e-01
3.772094893728113675e+03 1.924139209896891800e-01
3.773094918885517473e+03 1.916400983217889098e-01
3.774094944042921725e+03 1.908591729513138824e-01
3.775094969200325977e+03 1.900710874990161892e-01
3.776094994357730229e+03 1.892757845856474219e-01
3.777095019515134481e+03 1.884732068319592835e-01
3.778095044672538279e+03 1.876632968587038097e-01
3.779095069829942076e+03 1.868459972866323704e-01
3.780095094987346329e+03 1.860212507632758305e-01
3.781095120144750581e+03 1.851890407284647599e-01
3.782095145302154378e+03 1.843494735858600408e-01
3.783095170459558176e+03 1.835026788159981326e-01
3.784095195616962428e+03 1.826487858994153279e-01
3.785095220774366226e+03 1.817879243166491965e-01
3.786095245931770478e+03 1.809202235482357535e-01
3.787095271089174730e+03 1.800458130747121521e-01
3.788095296246578982e+03 1.791648223766151571e-01
3.789095321403982780e+03 1.782773809344819216e-01
3.790095346561386577e+03 1.773836182288488217e-01
3.791095371718790830e+03 1.764836637402522335e-01
3.792095396876194627e+03 1.755776469492297820e-01
3.793095422033598879e+03 1.746656973363173160e-01
3.794095447191003132e+03 1.737479443820520997e-01
3.795095472348407384e+03 1.728245175669708977e-01
3.796095497505811181e+03 1.718955463716108356e-01
3.797095522663214979e+03 1.709611602765082894e-01
3.798095547820619231e+03 1.700214887621996906e-01
3.799095572978023483e+03 1.690766613092220816e-01
3.800095598135427281e+03 1.681268073981127820e-01
3.801095623292831533e+03 1.671720565094076683e-01
3.802095648450235331e+03 1.662125381236443100e-01
3.803095673607639583e+03 1.652483817213587225e-01
3.804095698765043380e+03 1.642797167830884753e-01
3.805095723922448087e+03 1.633066727873254964e-01
3.806095749079851885e+03 1.623293761555636150e-01
3.807095774237256137e+03 1.613479441112808666e-01
3.808095799394659934e+03 1.603624921550525495e-01
3.809095824552063732e+03 1.593731357874524912e-01
3.810095849709467984e+03 1.583799905090546301e-01
3.811095874866872236e+03 1.573831718204336816e-01
3.812095900024276034e+03 1.563827952221645001e-01
3.813095925181679831e+03 1.553789762148209130e-01
3.814095950339084084e+03 1.543718302989768310e-01
3.815095975496488336e+03 1.533614729752070527e-01
3.816096000653892588e+03 1.523480197440859052e-01
3.817096025811296386e+03 1.513315861061881318e-01
3.818096050968700183e+03 1.503122875620876708e-01
3.819096076126104890e+03 1.492902396123579056e-01
3.820096101283508233e+03 1.482655577575754668e-01
3.821096126440912940e+03 1.472383574983119614e-01
3.822096151598316737e+03 1.462087543351439922e-01
3.823096176755720990e+03 1.451768637686444985e-01
3.824096201913125242e+03 1.441428012993883345e-01
3.825096227070529039e+03 1.431066824279502436e-01
3.826096252227932837e+03 1.420686226549041364e-01
3.827096277385337089e+03 1.410287374808238403e-01
3.828096302542740887e+03 1.399871424062846537e-01
3.829096327700145139e+03 1.389439529318599043e-01
3.830096352857549391e+03 1.378992845328794181e-01
3.831096378014953189e+03 1.368532155924356564e-01
3.832096403172357441e+03 1.358057130947404045e-01
3.833096428329761238e+03 1.347567231975353164e-01
3.834096453487165491e+03 1.337061920585602970e-01
3.835096478644569288e+03 1.326540658355570557e-01
3.836096503801973540e+03 1.316002906862653865e-01
3.837096528959377792e+03 1.305448127684265824e-01
3.838096554116782045e+03 1.294875782397813813e-01
3.839096579274185842e+03 1.284285332580710759e-01
3.840096604431590094e+03 1.273676239810354327e-01
3.841096629588993892e+03 1.263047965664162442e-01
3.842096654746398144e+03 1.252399971719533323e-01
3.843096679903801942e+03 1.241731719553883645e-01
3.844096705061205739e+03 1.231042670744616901e-01
3.845096730218610446e+03 1.220332286869131033e-01
3.846096755376014244e+03 1.209600029504853264e-01
3.847096780533418496e+03 1.198845360229176676e-01
3.848096805690821839e+03 1.188067740619523915e-01
3.849096830848226546e+03 1.177266632253277795e-01
3.850096856005630343e+03 1.166441496707870951e-01
3.851096881163034141e+03 1.155591795560701462e-01
3.852096906320438393e+03 1.144716990389171851e-01
3.853096931477842190e+03 1.133816542770699903e-01
3.854096956635246443e+03 1.122889914282683282e-01
3.855096981792650240e+03 1.111936566444312602e-01
3.856097006950054947e+03 1.100955876735212335e-01
3.857097032107458745e+03 1.089946970704366025e-01
3.858097057264862997e+03 1.078908926891473385e-01
3.859097082422266794e+03 1.067840823836260361e-01
3.860097107579670592e+03 1.056741740078436936e-01
3.861097132737075299e+03 1.045610754157708377e-01
3.862097157894478642e+03 1.034446944613815339e-01
3.863097183051882894e+03 1.023249389986447822e-01
3.864097208209287146e+03 1.012017168815330936e-01
3.865097233366690944e+03 1.000749359640185632e-01
3.866097258524095196e+03 9.894450410007166186e-02
3.867097283681498993e+03 9.781032914366495634e-02
3.868097308838903700e+03 9.667231894876844589e-02
3.869097333996307498e+03 9.553038136935569635e-02
3.870097359153711750e+03 9.438442425939670699e-02
3.871097384311115547e+03 9.323435547286405833e-02
3.872097409468519800e+03 9.208008286372819373e-02
3.873097434625924052e+03 9.092151428596124962e-02
3.874097459783327849e+03 8.975855759353518204e-02
3.875097484940732102e+03 8.859112064042054535e-02
3.876097510098135899e+03 8.741911128058986458e-02
3.877097535255540151e+03 8.624243736801369409e-02
3.878097560412943949e+03 8.506100675666453115e-02
3.879097585570348201e+03 8.387472730051293013e-02
3.880097610727751999e+03 8.268350695709443532e-02
3.881097635885156251e+03 8.148740053041485243e-02
3.882097661042560503e+03 8.028690222512747943e-02
3.883097686199964755e+03 7.908258807919829603e-02
3.884097711357368553e+03 7.787503413059371216e-02
3.885097736514772805e+03 7.666481641727859730e-02
3.886097761672176603e+03 7.545251097721993039e-02
3.887097786829580400e+03 7.423869384838312213e-02
3.888097811986984652e+03 7.302394106873354163e-02
3.889097837144388905e+03 7.180882867623764043e-02
3.890097862301792702e+03 7.059393270886193950e-02
3.891097887459196500e+03 6.937982920457175240e-02
3.892097912616600752e+03 6.816709420133248987e-02
3.893097937774005004e+03 6.695630373711060346e-02
3.894097962931409256e+03 6.574803384987204513e-02
3.895097988088813509e+03 6.454286057758271133e-02
3.896098013246216851e+03 6.334135995820963649e-02
3.897098038403621103e+03 6.214410802971653824e-02
3.898098063561025356e+03 6.095168083007047183e-02
3.899098088718429153e+03 5.976465439723785411e-02
3.900098113875833405e+03 5.858360476918356152e-02
3.901098139033237658e+03 5.740910798387403868e-02
3.902098164190641455e+03 5.624174007927574409e-02
3.903098189348045707e+03 5.508207709335355418e-02
3.904098214505449505e+03 5.393069506407442704e-02
3.905098239662853757e+03 5.278816998935594723e-02
3.906098264820258009e+03 5.165502207296315818e-02
3.907098289977661807e+03 5.053160487612793489e-02
3.908098315135065604e+03 4.941824098429614676e-02
3.909098340292469857e+03 4.831525298291362847e-02
3.910098365449874109e+03 4.722296345742727636e-02
3.911098390607277906e+03 4.614169499328391738e-02
3.912098415764681704e+03 4.507177017592944174e-02
3.913098440922085956e+03 4.401351159080969799e-02
3.914098466079490208e+03 4.296724182337158249e-02
3.915098491236894461e+03 4.193328345906141563e-02
3.916098516394298713e+03 4.091195908332558029e-02
3.917098541551702510e+03 3.990359128161089647e-02
3.918098566709106308e+03 3.890850263936325437e-02
3.919098591866510560e+03 3.792701574202855808e-02
3.920098617023914358e+03 3.695945317505408556e-02
3.921098642181318155e+03 3.600613752388573396e-02
3.922098667338722862e+03 3.506739137396903266e-02
3.923098692496126660e+03 3.414353731075202292e-02
3.924098717653530912e+03 3.323489791967983858e-02
3.925098742810934709e+03 3.234179578619963275e-02
3.926098767968338962e+03 3.146455349575696253e-02
3.927098793125742759e+03 3.060349363379900531e-02
3.928098818283147466e+03 2.975893878577094004e-02
3.929098843440551263e+03 2.893121153712067267e-02
3.930098868597955061e+03 2.812063447329378810e-02
3.931098893755359313e+03 2.732753017973629447e-02
3.932098918912763565e+03 2.655222124189491814e-02
3.933098944070167363e+03 2.579503024521637156e-02
3.934098969227571615e+03 2.505627977514632634e-02
3.935098994384975867e+03 2.433629241713149149e-02
3.936099019542379210e+03 2.363539075661885702e-02
3.937099044699783917e+03 2.295389737905320637e-02
3.938099069857187715e+03 2.229213486988245937e-02
3.939099095014591512e+03 2.165042581455235704e-02
3.940099120171995764e+03 2.102909279850898039e-02
3.941099145329400017e+03 2.042845840719898290e-02
3.942099170486803814e+03 1.984884522606899029e-02
3.943099195644207612e+03 1.929057584056509053e-02
3.944099220801611864e+03 1.875397283613339933e-02
3.945099245959015661e+03 1.823935879822077485e-02
3.946099271116419914e+03 1.774705631227310038e-02
3.947099296273823711e+03 1.727738796373718896e-02
3.948099321431228418e+03 1.683067633805878510e-02
3.949099346588632216e+03 1.640724402068505575e-02
3.950099371746036013e+03 1.600741359706195355e-02
3.951099396903440265e+03 1.563150765263566708e-02
3.952099422060844518e+03 1.527984877285274573e-02
3.953099447218248315e+03 1.495275954315969900e-02
3.954099472375653022e+03 1.465056254900246047e-02
