8.150205032843087793e+03 2.115033085613218788e-02
8.151205058000492500e+03 2.139687739182359258e-02
8.152205083157896297e+03 2.164517568112786158e-02
8.153205108315300095e+03 2.189520797353398246e-02
8.154205133472703892e+03 2.214695651853073460e-02
8.155205158630107690e+03 2.240040356560688700e-02
8.156205183787512397e+03 2.265553136425145150e-02
8.157205208944915285e+03 2.291232216395250321e-02
8.158205234102320901e+03 2.317075821419998030e-02
8.159205259259723789e+03 2.343082176448125359e-02
8.160205284417128496e+03 2.369249506428627167e-02
8.161205309574532293e+03 2.395576036310309923e-02
8.162205334731937000e+03 2.422059991042098404e-02
8.163205359889340798e+03 2.448699595572821977e-02
8.164205385046745505e+03 2.475493074851407155e-02
8.165205410204148393e+03 2.502438653826657977e-02
8.166205435361552190e+03 2.529534557447523854e-02
8.167205460518956897e+03 2.556779010662884113e-02
8.168205485676360695e+03 2.584170238421565693e-02
8.169205510833764492e+03 2.611706465672470820e-02
8.170205535991169199e+03 2.639385917364501719e-02
8.171205561148573906e+03 2.667206818446512043e-02
8.172205586305976794e+03 2.695167393867326650e-02
8.173205611463381501e+03 2.723265868575925480e-02
8.174205636620785299e+03 2.751500467521109453e-02
8.175205661778189096e+03 2.779869415651781139e-02
8.176205686935592894e+03 2.808370937916818133e-02
8.177205712092997601e+03 2.837003259265124394e-02
8.178205737250400489e+03 2.865764604645497371e-02
8.179205762407806105e+03 2.894653199006947189e-02
8.180205787565209903e+03 2.923667267298219255e-02
8.181205812722613700e+03 2.952805034468242856e-02
8.182205837880018407e+03 2.982064725465923688e-02
8.183205863037422205e+03 3.011444565240083832e-02
8.184205888194826002e+03 3.040942778739628635e-02
8.185205913352228890e+03 3.070557590913408630e-02
8.186205938509633597e+03 3.100287226710380512e-02
8.187205963667037395e+03 3.130129911079342769e-02
8.188205988824442102e+03 3.160083868969225385e-02
8.189206013981845899e+03 3.190147325328852174e-02
8.190206039139250606e+03 3.220318505107154505e-02
8.191206064296654404e+03 3.250595633252955502e-02
8.192206089454059111e+03 3.280976934715188614e-02
8.193206114611462908e+03 3.311460634442673495e-02
8.194206139768866706e+03 3.342044957384316534e-02
8.195206164926270503e+03 3.372728128488995669e-02
8.196206190083674301e+03 3.403508372705586760e-02
8.197206215241079917e+03 3.434383914983024644e-02
8.198206240398481896e+03 3.465352980270017258e-02
8.199206265555887512e+03 3.496413793515668056e-02
8.200206290713291310e+03 3.527564579668684974e-02
8.201206315870693288e+03 3.558803563677943177e-02
8.202206341028098905e+03 3.590128970492493382e-02
8.203206366185502702e+03 3.621539025061041445e-02
8.204206391342908319e+03 3.653031952332577020e-02
8.205206416500310297e+03 3.684605977255808740e-02
8.206206441657715914e+03 3.716259324779840750e-02
8.207206466815119711e+03 3.747990219853380989e-02
8.208206491972521690e+03 3.779796887425302537e-02
8.209206517129927306e+03 3.811677552444659584e-02
8.210206542287331104e+03 3.843630439860155207e-02
8.211206567444734901e+03 3.875653774620723552e-02
8.212206592602140518e+03 3.907745781675301538e-02
8.213206617759544315e+03 3.939904685972648452e-02
8.214206642916948113e+03 3.972128712461701211e-02
8.215206668074351910e+03 4.004416086091337063e-02
8.216206693231755708e+03 4.036765031810433946e-02
8.217206718389159505e+03 4.069173774567868412e-02
8.218206743546565122e+03 4.101640539312575301e-02
8.219206768703967100e+03 4.134163550993257691e-02
8.220206793861372716e+03 4.166741034559028750e-02
8.221206819018776514e+03 4.199371214958587395e-02
8.222206844176180311e+03 4.232052317140870545e-02
8.223206869333584109e+03 4.264782566054755447e-02
8.224206894490987906e+03 4.297560186649120734e-02
8.225206919648391704e+03 4.330383403872840875e-02
8.226206944805795501e+03 4.363250442674795893e-02
8.227206969963201118e+03 4.396159528003922012e-02
8.228206995120604915e+03 4.429108884808977825e-02
8.229207020278008713e+03 4.462096738038900251e-02
8.230207045435412510e+03 4.495121312642565148e-02
8.231207070592816308e+03 4.528180833568851843e-02
8.232207095750220105e+03 4.561273525766635500e-02
8.233207120907623903e+03 4.594397614184795448e-02
8.234207146065029519e+03 4.627551323772269992e-02
8.235207171222433317e+03 4.660732879477814256e-02
8.236207196379837114e+03 4.693940506250365158e-02
8.237207221537240912e+03 4.727172429038802026e-02
8.238207246694646528e+03 4.760426872792062475e-02
8.239207271852050326e+03 4.793702062458902319e-02
8.240207297009454123e+03 4.826996222988258478e-02
8.241207322166857921e+03 4.860307579329010974e-02
8.242207347324261718e+03 4.893634356430034277e-02
8.243207372481665516e+03 4.926974779240207714e-02
8.244207397639069313e+03 4.960327072708407142e-02
8.245207422796473111e+03 4.993689461783511196e-02
8.246207447953878727e+03 5.027060171414458184e-02
8.247207473111280706e+03 5.060437426549942164e-02
8.248207498268686322e+03 5.093819452139083936e-02
8.249207523426090120e+03 5.127204473130578949e-02
8.250207548583493917e+03 5.160590714473365509e-02
8.251207573740897715e+03 5.193976401116320168e-02
8.252207598898301512e+03 5.227359758008320173e-02
8.253207624055707129e+03 5.260739010098304524e-02
8.254207649213110926e+03 5.294112382335029038e-02
8.255207674370512905e+03 5.327478099667370265e-02
8.256207699527918521e+03 5.360834387044389332e-02
8.257207724685322319e+03 5.394179469414779604e-02
8.258207749842726116e+03 5.427511571727480083e-02
8.259207775000129914e+03 5.460828918931367321e-02
8.260207800157533711e+03 5.494129735975320644e-02
8.261207825314937509e+03 5.527412247808215912e-02
8.262207850472341306e+03 5.560674679378931062e-02
8.263207875629745104e+03 5.593915255636342648e-02
8.264207900787150720e+03 5.627132201529389671e-02
8.265207925944554518e+03 5.660323742006827252e-02
8.266207951101958315e+03 5.693488102017593699e-02
8.267207976259362113e+03 5.726623506510567646e-02
8.268208001416767729e+03 5.759728180434685318e-02
8.269208026574169708e+03 5.792800348738644245e-02
8.270208051731575324e+03 5.825838236371562451e-02
8.271208076888979122e+03 5.858840068282134689e-02
8.272208102046382919e+03 5.891804069419301348e-02
8.273208127203786717e+03 5.924728464731938982e-02
8.274208152361192333e+03 5.957611479168984508e-02
8.275208177518594312e+03 5.990451337679136845e-02
8.276208202675998109e+03 6.023246265211450179e-02
8.277208227833403726e+03 6.055994486714804531e-02
8.278208252990807523e+03 6.088694227137957105e-02
8.279208278148211321e+03 6.121343711429843432e-02
8.280208303305615118e+03 6.153941164539342146e-02
8.281208328463018915e+03 6.186484811415331880e-02
8.282208353620424532e+03 6.218972877006747474e-02
8.283208378777826510e+03 6.251403586262291312e-02
8.284208403935230308e+03 6.283775164131012725e-02
8.285208429092635924e+03 6.316085835561793815e-02
8.286208454250039722e+03 6.348333825503392480e-02
8.287208479407443519e+03 6.380517358904745640e-02
8.288208504564849136e+03 6.412634660714787438e-02
8.289208529722251114e+03 6.444683955882224424e-02
8.290208554879654912e+03 6.476663470382133803e-02
8.291208580037060528e+03 6.508571625761200297e-02
8.292208605194464326e+03 6.540407269597520168e-02
8.293208630351868123e+03 6.572169305548739016e-02
8.294208655509271921e+03 6.603856637272446928e-02
8.295208680666675718e+03 6.635468168426238156e-02
8.296208705824079516e+03 6.667002802667702788e-02
8.297208730981485132e+03 6.698459443654491974e-02
8.298208756138888930e+03 6.729836995044077841e-02
8.299208781296292727e+03 6.761134360494111539e-02
8.300208806453696525e+03 6.792350443662185933e-02
8.301208831611100322e+03 6.823484148205889721e-02
8.302208856768504120e+03 6.854534377782814381e-02
8.303208881925909736e+03 6.885500036050612449e-02
8.304208907083313534e+03 6.916380026666754666e-02
8.305208932240717331e+03 6.947173253288894956e-02
8.306208957398121129e+03 6.977878619574623409e-02
8.307208982555524926e+03 7.008495029181528724e-02
8.308209007712928724e+03 7.039021385767206540e-02
8.309209032870334340e+03 7.069456592989301069e-02
8.310209058027736319e+03 7.099799554505234478e-02
8.311209083185140116e+03 7.130049173972771714e-02
8.312209108342545733e+03 7.160204355049495928e-02
8.313209133499949530e+03 7.190264001392894511e-02
8.314209158657353328e+03 7.220227016660611674e-02
8.315209183814757125e+03 7.250092304510237506e-02
8.316209208972160923e+03 7.279858768599364871e-02
8.317209234129564720e+03 7.309525312585585244e-02
8.318209259286970337e+03 7.339090840126542836e-02
8.319209284444374134e+03 7.368554254879722265e-02
8.320209309601777932e+03 7.397914460502767742e-02
8.321209334759181729e+03 7.427170360653270742e-02
8.322209359916587346e+03 7.456320858988878253e-02
8.323209385073989324e+03 7.485364859167019380e-02
8.324209410231394941e+03 7.514301264845497930e-02
8.325209435388796919e+03 7.543128979681695823e-02
8.326209460546202536e+03 7.571846907333411314e-02
8.327209485703606333e+03 7.600453951458083224e-02
8.328209510861011950e+03 7.628949015713404336e-02
8.329209536018413928e+03 7.657331003756809307e-02
8.330209561175819545e+03 7.685598819246099167e-02
8.331209586333221523e+03 7.713751365838657226e-02
8.332209611490627140e+03 7.741787547192283125e-02
8.333209636648030937e+03 7.769706266964410135e-02
8.334209661805434735e+03 7.797506428812682466e-02
8.335209686962838532e+03 7.825186936394692983e-02
8.336209712120242330e+03 7.852746693368033160e-02
8.337209737277646127e+03 7.880184603390293085e-02
8.338209762435051744e+03 7.907499570119114196e-02
8.339209787592455541e+03 7.934690497211988047e-02
8.340209812749859339e+03 7.961756288326554687e-02
8.341209837907263136e+03 7.988695847120408366e-02
8.342209863064666933e+03 8.015508077251139174e-02
8.343209888222072550e+03 8.042191882376384382e-02
8.344209913379474528e+03 8.068746166153595301e-02
8.345209938536880145e+03 8.095169832240552144e-02
8.346209963694283942e+03 8.121461784294703445e-02
8.347209988851687740e+03 8.147620925973687867e-02
8.348210014009091537e+03 8.173646160935098270e-02
8.349210039166495335e+03 8.199536392836527521e-02
8.350210064323900951e+03 8.225290525335607339e-02
8.351210089481302930e+03 8.250907462089794586e-02
8.352210114638708546e+03 8.276386106756866701e-02
8.353210139796112344e+03 8.301725362994272217e-02
8.354210164953516141e+03 8.326924134459652571e-02
8.355210190110919939e+03 8.351981324810597851e-02
8.356210215268323736e+03 8.376895837704699532e-02
8.357210240425729353e+03 8.401666576799592112e-02
8.358210265583133150e+03 8.426292445752781024e-02
8.359210290740535129e+03 8.450772348221852193e-02
8.360210315897940745e+03 8.475105190707295233e-02
8.361210341055344543e+03 8.499290410148309383e-02
8.362210366212748340e+03 8.523328593319733082e-02
8.363210391370152138e+03 8.547220477492520341e-02
8.364210416527555935e+03 8.570966799937629332e-02
8.365210441684959733e+03 8.594568297926012679e-02
8.366210466842365349e+03 8.618025708728672962e-02
8.367210491999769147e+03 8.641339769616475375e-02
8.368210517157172944e+03 8.664511217860423886e-02
8.369210542314576742e+03 8.687540790731471119e-02
8.370210567471980539e+03 8.710429225500572470e-02
8.371210592629384337e+03 8.733177259438686113e-02
8.372210617786788134e+03 8.755785629816767446e-02
8.373210642944193751e+03 8.778255073905810724e-02
8.374210668101597548e+03 8.800586328976692241e-02
8.375210693259001346e+03 8.822780132300409028e-02
8.376210718416405143e+03 8.844837221147916484e-02
8.377210743573808941e+03 8.866758332790165842e-02
8.378210768731212738e+03 8.888544204498122214e-02
8.379210793888616536e+03 8.910195573542735448e-02
8.380210819046022152e+03 8.931713177194998410e-02
8.381210844203425950e+03 8.953097752725792946e-02
8.382210869360829747e+03 8.974350037406113312e-02
8.383210894518233545e+03 8.995470768506914905e-02
8.384210919675637342e+03 9.016460683299151735e-02
8.385210944833041140e+03 9.037320519053783363e-02
8.386210969990446756e+03 9.058051013041798494e-02
8.387210995147850554e+03 9.078652902534083136e-02
8.388211020305254351e+03 9.099126924801627381e-02
8.389211045462658149e+03 9.119473817115388015e-02
8.390211070620061946e+03 9.139694316746317659e-02
8.391211095777465744e+03 9.159789160965377264e-02
8.392211120934869541e+03 9.179759087043520838e-02
8.393211146092275158e+03 9.199604832251738473e-02
8.394211171249677136e+03 9.219327133860880097e-02
8.395211196407082753e+03 9.238926729142044048e-02
8.396211221564486550e+03 9.258404355366078864e-02
8.397211246721890348e+03 9.277760749803976026e-02
8.398211271879294145e+03 9.296996649726692319e-02
8.399211297036699762e+03 9.316112792405217835e-02
8.400211322194103559e+03 9.335109915110437195e-02
8.401211347351505538e+03 9.353988755113309961e-02
8.402211372508911154e+03 9.372750049684892837e-02
8.403211397666314951e+03 9.391394536096038526e-02
8.404211422823718749e+03 9.409922951617737119e-02
8.405211447981122546e+03 9.428336033520946791e-02
8.406211473138526344e+03 9.446634519076618774e-02
8.407211498295930141e+03 9.464819145555714019e-02
8.408211523453335758e+03 9.482890650229218454e-02
8.409211548610739555e+03 9.500849770368020863e-02
8.410211573768143353e+03 9.518697243243112727e-02
8.411211598925547150e+03 9.536433806125449442e-02
8.412211624082950948e+03 9.554060196285985018e-02
8.413211649240354745e+03 9.571577150995677630e-02
8.414211674397760362e+03 9.588985407525513205e-02
8.415211699555164159e+03 9.606285703146383304e-02
8.416211724712567957e+03 9.623478775129279406e-02
8.417211749869971754e+03 9.640565360745154133e-02
8.418211775027375552e+03 9.657546197264961496e-02
8.419211800184779349e+03 9.674422021959662443e-02
8.420211825342184966e+03 9.691193572100240128e-02
8.421211850499588763e+03 9.707861584957590273e-02
8.422211875656992561e+03 9.724426797802696032e-02
8.423211900814396358e+03 9.740889947906516966e-02
8.424211925971800156e+03 9.757251772540009860e-02
8.425211951129203953e+03 9.773513008974125948e-02
8.426211976286607751e+03 9.789674394479824793e-02
8.427212001444013367e+03 9.805736666328090934e-02
8.428212026601417165e+03 9.821700561789820094e-02
8.429212051758820962e+03 9.837566818135999591e-02
8.430212076916224760e+03 9.853336171579417380e-02
8.431212102073628557e+03 9.869009165008803264e-02
8.432212127231032355e+03 9.884585924297160930e-02
8.433212152388436152e+03 9.900066521046550772e-02
8.434212177545839950e+03 9.915451026859034567e-02
8.435212202703243747e+03 9.930739513336679647e-02
8.436212227860649364e+03 9.945932052081572772e-02
8.437212253018053161e+03 9.961028714695724373e-02
8.438212278175456959e+03 9.976029572781226762e-02
8.439212303332862575e+03 9.990934697940166698e-02
8.440212328490264554e+03 1.000574416177452686e-01
8.441212353647668351e+03 1.002045803588645090e-01
8.442212378805073968e+03 1.003507639187800476e-01
8.443212403962477765e+03 1.004959930135119611e-01
8.444212429119881563e+03 1.006402683590811586e-01
8.445212454277285360e+03 1.007835906715082719e-01
8.446212479434690977e+03 1.009259606668141684e-01
8.447212504592094774e+03 1.010673790610189943e-01
8.448212529749498572e+03 1.012078465701436031e-01
8.449212554906900550e+03 1.013473639102084184e-01
8.450212580064304348e+03 1.014859317972345437e-01
8.451212605221709964e+03 1.016235509472426246e-01
8.452212630379113762e+03 1.017602220762528070e-01
8.453212655536519378e+03 1.018959459002861806e-01
8.454212680693921357e+03 1.020307231353626415e-01
8.455212705851325154e+03 1.021645544975036263e-01
8.456212731008730771e+03 1.022974407027296695e-01
8.457212756166132749e+03 1.024293824670607506e-01
8.458212781323538366e+03 1.025603805065184310e-01
8.459212806480942163e+03 1.026904355371226207e-01
8.460212831638345961e+03 1.028195482748942013e-01
8.461212856795749758e+03 1.029477194358538183e-01
8.462212881953153556e+03 1.030749497360220618e-01
8.463212907110557353e+03 1.032012398914196188e-01
8.464212932267962969e+03 1.033265906180672877e-01
8.465212957425366767e+03 1.034510026319852977e-01
8.466212982582770564e+03 1.035744766491944746e-01
8.467213007740174362e+03 1.036970133857154919e-01
8.468213032897579978e+03 1.038186135575691338e-01
8.469213058054983776e+03 1.039392778807756712e-01
8.470213083212385754e+03 1.040590070713556803e-01
8.471213108369791371e+03 1.041778018453304588e-01
8.472213133527195168e+03 1.042956629187200002e-01
8.473213158684598966e+03 1.044125910075451441e-01
8.474213183842002763e+03 1.045285868278265223e-01
8.475213208999406561e+03 1.046436510955847804e-01
8.476213234156812177e+03 1.047577845268407304e-01
8.477213259314214156e+03 1.048709878376144072e-01
8.478213284471617953e+03 1.049832617439270532e-01
8.479213309629023570e+03 1.050946069617993001e-01
8.480213334786427367e+03 1.052050242072513631e-01
8.481213359943831165e+03 1.053145141963040959e-01
8.482213385101234962e+03 1.054230776449781026e-01
8.483213410258638760e+03 1.055307152692940564e-01
8.484213435416044376e+03 1.056374277852727417e-01
8.485213460573448174e+03 1.057432159089344292e-01
8.486213485730851971e+03 1.058480803562999173e-01
8.487213510888255769e+03 1.059520218433898792e-01
8.488213536045659566e+03 1.060550410862249326e-01
8.489213561203063364e+03 1.061571388008256817e-01
8.490213586360468980e+03 1.062583157032129799e-01
8.491213611517872778e+03 1.063585725094070428e-01
8.492213636675276575e+03 1.064579099354287378e-01
8.493213661832680373e+03 1.065563286972986690e-01
8.494213686990084170e+03 1.066538295110374679e-01
8.495213712147487968e+03 1.067504130926657940e-01
8.496213737304893584e+03 1.068460801582044178e-01
8.497213762462297382e+03 1.069408314236736379e-01
8.498213787619701179e+03 1.070346676050942664e-01
8.499213812777104977e+03 1.071275894184869210e-01
8.500213837934508774e+03 1.072195975848300453e-01
8.501213863091912572e+03 1.073106937121370424e-01
8.502213888249316369e+03 1.074008813124574246e-01
8.503213913406720167e+03 1.074901641442243400e-01
8.504213938564123964e+03 1.075785459658710475e-01
8.505213963721529581e+03 1.076660305358309033e-01
8.506213988878933378e+03 1.077526216125367781e-01
8.507214014036337176e+03 1.078383229544220556e-01
8.508214039193740973e+03 1.079231383199199396e-01
8.509214064351144771e+03 1.080070714674636473e-01
8.510214089508550387e+03 1.080901261554865211e-01
8.511214114665952366e+03 1.081723061424213206e-01
8.512214139823357982e+03 1.082536151867018598e-01
8.513214164980761780e+03 1.083340570467608843e-01
8.514214190138165577e+03 1.084136354810317782e-01
8.515214215295569375e+03 1.084923542479477171e-01
8.516214240452973172e+03 1.085702171059419324e-01
8.517214265610378789e+03 1.086472278134477526e-01
8.518214290767780767e+03 1.087233901288979787e-01
8.519214315925184565e+03 1.087987078107262445e-01
8.520214341082590181e+03 1.088731846173657397e-01
8.521214366239993979e+03 1.089468243072494041e-01
8.522214391397397776e+03 1.090196306388105801e-01
8.523214416554801574e+03 1.090916073704824851e-01
8.524214441712205371e+03 1.091627582606983088e-01
8.525214466869609168e+03 1.092330870678912685e-01
8.526214492027014785e+03 1.093025975504947067e-01
8.527214517184416763e+03 1.093712934669414383e-01
8.528214542341822380e+03 1.094391785756651803e-01
8.529214567499226177e+03 1.095062566350987754e-01
8.530214592656629975e+03 1.095725314036755244e-01
8.531214617814035591e+03 1.096380066398287834e-01
8.532214642971439389e+03 1.097026861019915200e-01
8.533214668128843186e+03 1.097665735485970490e-01
8.534214693286245165e+03 1.098296727380784626e-01
8.535214718443650781e+03 1.098919874288693255e-01
8.536214743601054579e+03 1.099535213794024940e-01
8.537214768758458376e+03 1.100142783481112829e-01
8.538214793915862174e+03 1.100742620934289095e-01
8.539214819073267790e+03 1.101334763737887024e-01
8.540214844230671588e+03 1.101919249476236151e-01
8.541214869388075385e+03 1.102496115733670179e-01
8.542214894545479183e+03 1.103065400094520587e-01
8.543214919702882980e+03 1.103627140143119828e-01
8.544214944860286778e+03 1.104181373463799798e-01
8.545214970017690575e+03 1.104728137640892810e-01
8.546214995175096192e+03 1.105267470258731732e-01
8.547215020332499989e+03 1.105799408901646658e-01
8.548215045489903787e+03 1.106323991153970732e-01
8.549215070647307584e+03 1.106841254600035990e-01
8.550215095804713201e+03 1.107351236824175439e-01
8.551215120962116998e+03 1.107853975410719310e-01
8.552215146119518977e+03 1.108349507943999779e-01
8.553215171276924593e+03 1.108837872008351377e-01
8.554215196434328391e+03 1.109319105188103782e-01
8.555215221591732188e+03 1.109793245067589862e-01
8.556215246749135986e+03 1.110260329231141652e-01
8.557215271906541602e+03 1.110720395263092020e-01
8.558215297063943581e+03 1.111173480747770642e-01
8.559215322221347378e+03 1.111619623269512053e-01
8.560215347378751176e+03 1.112058860412647732e-01
8.561215372536156792e+03 1.112491229761509992e-01
8.562215397693560590e+03 1.112916768900429898e-01
8.563215422850964387e+03 1.113335515413739901e-01
8.564215448008368185e+03 1.113747506885772315e-01
8.565215473165773801e+03 1.114152780900859868e-01
8.566215498323175780e+03 1.114551375043332376e-01
8.567215523480579577e+03 1.114943326897524373e-01
8.568215548637985194e+03 1.115328674047767477e-01
8.569215573795388991e+03 1.115707454078392752e-01
8.570215598952792789e+03 1.116079704510875709e-01
8.571215624110196586e+03 1.116445451851010018e-01
8.572215649267600384e+03 1.116804699074953056e-01
8.573215674425006000e+03 1.117157446131455539e-01
8.574215699582409798e+03 1.117503692969266105e-01
8.575215724739811776e+03 1.117843439537134637e-01
8.576215749897217393e+03 1.118176685783813101e-01
8.577215775054621190e+03 1.118503431658049163e-01
8.578215800212024988e+03 1.118823677108593817e-01
8.579215825369428785e+03 1.119137422084196809e-01
8.580215850526834402e+03 1.119444666533608579e-01
8.581215875684236380e+03 1.119745410405577485e-01
8.582215900841640178e+03 1.120039653648855077e-01
8.583215925999045794e+03 1.120327396212191240e-01
8.584215951156449592e+03 1.120608638044334748e-01
8.585215976313853389e+03 1.120883379094036181e-01
8.586216001471257186e+03 1.121151619310045422e-01
8.587216026628660984e+03 1.121413358641112495e-01
8.588216051786066600e+03 1.121668597035987841e-01
8.589216076943470398e+03 1.121917334443420233e-01
8.590216102100874195e+03 1.122159570812160112e-01
8.591216127258277993e+03 1.122395306090957640e-01
8.592216152415681790e+03 1.122624540228562423e-01
8.593216177573085588e+03 1.122847273173724625e-01
8.594216202730491204e+03 1.123063504875194407e-01
8.595216227887895002e+03 1.123273235281721238e-01
8.596216253045298799e+03 1.123476464342054865e-01
8.597216278202702597e+03 1.123673192004945726e-01
8.598216303360106394e+03 1.123863418219143567e-01
8.599216328517510192e+03 1.124047142933398274e-01
8.600216353674915808e+03 1.124224366096460148e-01
8.601216378832319606e+03 1.124395087657078657e-01
8.602216403989721584e+03 1.124559307564003269e-01
8.603216429147127201e+03 1.124717025765985257e-01
8.604216454304530998e+03 1.124868242211773534e-01
8.605216479461934796e+03 1.125012956850118123e-01
8.606216504619338593e+03 1.125151169629769327e-01
8.607216529776742391e+03 1.125282880499476890e-01
8.608216554934146188e+03 1.125408089407990558e-01
8.609216580091551805e+03 1.125526796304060773e-01
8.610216605248955602e+03 1.125639001136436723e-01
8.611216630406359400e+03 1.125744703853868850e-01
8.612216655563763197e+03 1.125843904405107038e-01
8.613216680721166995e+03 1.125936602738901032e-01
8.614216705878570792e+03 1.126022798804000857e-01
8.615216731035976409e+03 1.126102492549156814e-01
8.616216756193380206e+03 1.126175683923118093e-01
8.617216781350784004e+03 1.126242372874635134e-01
8.618216806508187801e+03 1.126302559352457683e-01
8.619216831665591599e+03 1.126356243305335625e-01
8.620216856822995396e+03 1.126403424682019122e-01
8.621216881980399194e+03 1.126444103431257920e-01
8.622216907137802991e+03 1.126478279501802043e-01
8.623216932295208608e+03 1.126505952842401237e-01
8.624216957452612405e+03 1.126527123401805802e-01
8.625216982610016203e+03 1.126541791128765208e-01
8.626217007767420000e+03 1.126549955972029615e-01
8.627217032924823798e+03 1.126551617880349188e-01
8.628217058082229414e+03 1.126546776802473393e-01
8.629217083239631393e+03 1.126535432687152394e-01
8.630217108397037009e+03 1.126517585483136075e-01
8.631217133554440807e+03 1.126493235139174320e-01
8.632217158711844604e+03 1.126462381604017293e-01
8.633217183869248402e+03 1.126425024826414878e-01
8.634217209026652199e+03 1.126381164755116543e-01
8.635217234184055997e+03 1.126330801338872867e-01
8.636217259341461613e+03 1.126273934526433040e-01
8.637217284498865411e+03 1.126210564266547781e-01
8.638217309656269208e+03 1.126140690507966696e-01
8.639217334813673006e+03 1.126064313199439393e-01
8.640217359971076803e+03 1.125981432315651121e-01
8.641217385128480601e+03 1.125892052284007544e-01
8.642217410285884398e+03 1.125796186996474019e-01
8.643217435443288196e+03 1.125693851555813613e-01
8.644217460600693812e+03 1.125585061064788978e-01
8.645217485758097610e+03 1.125469830626163598e-01
8.646217510915501407e+03 1.125348175342700680e-01
8.647217536072905204e+03 1.125220110317163014e-01
8.648217561230309002e+03 1.125085650652313529e-01
8.649217586387712799e+03 1.124944811450915433e-01
8.650217611545116597e+03 1.124797607815731793e-01
8.651217636702522213e+03 1.124644054849525537e-01
8.652217661859926011e+03 1.124484167655060013e-01
8.653217687017329808e+03 1.124317961335098148e-01
8.654217712174733606e+03 1.124145450992403011e-01
8.655217737332139222e+03 1.123966651729737115e-01
8.656217762489541201e+03 1.123781578649864915e-01
8.657217787646944998e+03 1.123590246855548369e-01
8.658217812804350615e+03 1.123392671449549990e-01
8.659217837961754412e+03 1.123188867534634233e-01
8.660217863119158210e+03 1.122978850213563612e-01
8.661217888276562007e+03 1.122762634589100916e-01
8.662217913433965805e+03 1.122540235764009214e-01
8.663217938591371421e+03 1.122311668841051574e-01
8.664217963748773400e+03 1.122076948922992035e-01
8.665217988906179016e+03 1.121836091112591999e-01
8.666218014063580995e+03 1.121589110512616200e-01
8.667218039220986611e+03 1.121336022225826040e-01
8.668218064378390409e+03 1.121076841354985559e-01
8.669218089535794206e+03 1.120811583002858103e-01
8.670218114693198004e+03 1.120540262272206045e-01
8.671218139850603620e+03 1.120262894265792314e-01
8.672218165008005599e+03 1.119979494086381089e-01
8.673218190165411215e+03 1.119690076836733911e-01
8.674218215322815013e+03 1.119394657619615097e-01
8.675218240480218810e+03 1.119093251537787159e-01
8.676218265637622608e+03 1.118785873694013305e-01
8.677218290795028224e+03 1.118472539191055909e-01
8.678218315952432022e+03 1.118153263131679148e-01
8.679218341109834000e+03 1.117828060618646091e-01
8.680218366267239617e+03 1.117496946754718418e-01
8.681218391424643414e+03 1.117159936642660445e-01
8.682218416582047212e+03 1.116817045385234686e-01
8.683218441739451009e+03 1.116468288085204486e-01
8.684218466896856626e+03 1.116113679845332218e-01
8.685218492054260423e+03 1.115753235768381924e-01
8.686218517211664221e+03 1.115386970957116392e-01
8.687218542369068018e+03 1.115014900514298413e-01
8.688218567526471816e+03 1.114637039542691194e-01
8.689218592683875613e+03 1.114253403145057664e-01
8.690218617841279411e+03 1.113864006424161168e-01
8.691218642998683208e+03 1.113468864482764498e-01
8.692218668156088825e+03 1.113067992423630026e-01
8.693218693313492622e+03 1.112661405349522209e-01
8.694218718470896420e+03 1.112249118363203698e-01
8.695218743628300217e+03 1.111831146567437145e-01
8.696218768785704015e+03 1.111407505064985757e-01
8.697218793943107812e+03 1.110978208958612740e-01
8.698218819100511610e+03 1.110543273351080884e-01
8.699218844257915407e+03 1.110102713345153536e-01
8.700218869415321024e+03 1.109656544043592791e-01
8.701218894572724821e+03 1.109204780549163383e-01
8.702218919730128619e+03 1.108747437964627408e-01
8.703218944887532416e+03 1.108284531392748212e-01
8.704218970044936214e+03 1.107816075936288586e-01
8.705218995202340011e+03 1.107342086698011735e-01
8.706219020359745628e+03 1.106862578780679757e-01
8.707219045517149425e+03 1.106377567287057662e-01
8.708219070674553222e+03 1.105887067319907130e-01
8.709219095831957020e+03 1.105391093981991785e-01
8.710219120989360817e+03 1.104889662366454889e-01
8.711219146146764615e+03 1.104382785948104101e-01
8.712219171304170231e+03 1.103870474778674005e-01
8.713219196461572210e+03 1.103352738474491779e-01
8.714219221618977826e+03 1.102829586651878219e-01
8.715219246776381624e+03 1.102301028927160226e-01
8.716219271933785421e+03 1.101767074916661093e-01
8.717219297091191038e+03 1.101227734236704253e-01
8.718219322248594835e+03 1.100683016503615913e-01
8.719219347405996814e+03 1.100132931333720476e-01
8.720219372563400611e+03 1.099577488343340126e-01
8.721219397720806228e+03 1.099016697148799265e-01
8.722219422878210025e+03 1.098450567366424102e-01
8.723219448035613823e+03 1.097879108612538207e-01
8.724219473193017620e+03 1.097302330503465428e-01
8.725219498350421418e+03 1.096720242655530447e-01
8.726219523507827034e+03 1.096132854685056418e-01
8.727219548665230832e+03 1.095540176208369548e-01
8.728219573822634629e+03 1.094942216841793270e-01
8.729219598980038427e+03 1.094338986201651986e-01
8.730219624137442224e+03 1.093730493904269685e-01
8.731219649294846022e+03 1.093116749565971046e-01
8.732219674452251638e+03 1.092497762803078948e-01
8.733219699609655436e+03 1.091873543231919874e-01
8.734219724767059233e+03 1.091244100468817257e-01
8.735219749924463031e+03 1.090609444130095501e-01
8.736219775081866828e+03 1.089969583832078592e-01
8.737219800239270626e+03 1.089324529191090934e-01
8.738219825396674423e+03 1.088674289823456931e-01
8.739219850554078221e+03 1.088018875345500708e-01
8.740219875711483837e+03 1.087358295373545419e-01
8.741219900868887635e+03 1.086692559523917967e-01
8.742219926026291432e+03 1.086021677412941089e-01
8.743219951183695230e+03 1.085345658656939466e-01
8.744219976341099027e+03 1.084664512872237224e-01
8.745220001498502825e+03 1.083978249675158489e-01
8.746220026655906622e+03 1.083286878682027943e-01
8.747220051813312239e+03 1.082590409509168183e-01
8.748220076970714217e+03 1.081888851772907778e-01
8.749220102128119834e+03 1.081182215089565579e-01
8.750220127285523631e+03 1.080470509075469737e-01
8.751220152442927429e+03 1.079753743346943545e-01
8.752220177600331226e+03 1.079031927520311129e-01
8.753220202757736843e+03 1.078305071211895505e-01
8.754220227915140640e+03 1.077573184038023435e-01
8.755220253072544438e+03 1.076836275615018074e-01
8.756220278229946416e+03 1.076094355559205351e-01
8.757220303387352033e+03 1.075347433486904813e-01
8.758220328544755830e+03 1.074595519014445444e-01
8.759220353702159628e+03 1.073838621758149980e-01
8.760220378859565244e+03 1.073076751334341022e-01
8.761220404016969042e+03 1.072309917359346304e-01
8.762220429174372839e+03 1.071538129449488286e-01
8.763220454331776637e+03 1.070761397221091371e-01
8.764220479489180434e+03 1.069979730290479686e-01
8.765220504646584232e+03 1.069193138273978050e-01
8.766220529803989848e+03 1.068401630787908646e-01
8.767220554961393645e+03 1.067605217448599070e-01
8.768220580118797443e+03 1.066803907872372198e-01
8.769220605276201240e+03 1.065997711675552156e-01
8.770220630433605038e+03 1.065186638474463210e-01
8.771220655591008835e+03 1.064370697885429901e-01
8.772220680748412633e+03 1.063549899524776493e-01
8.773220705905816430e+03 1.062724253008826975e-01
8.774220731063222047e+03 1.061893767953904499e-01
8.775220756220625844e+03 1.061058453976336247e-01
8.776220781378029642e+03 1.060218320692444816e-01
8.777220806535433439e+03 1.059373377718554887e-01
8.778220831692837237e+03 1.058523634670990587e-01
8.779220856850241034e+03 1.057669101166076042e-01
8.780220882007646651e+03 1.056809786895169245e-01
8.781220907165050448e+03 1.055945713921059154e-01
8.782220932322454246e+03 1.055076930346552228e-01
8.783220957479858043e+03 1.054203487567777764e-01
8.784220982637261841e+03 1.053325436980865060e-01
8.785221007794665638e+03 1.052442829981943828e-01
8.786221032952071255e+03 1.051555717967141701e-01
8.787221058109475052e+03 1.050664152332591306e-01
8.788221083266878850e+03 1.049768184474420968e-01
8.789221108424282647e+03 1.048867865788759429e-01
8.790221133581686445e+03 1.047963247671736403e-01
8.791221158739090242e+03 1.047054381519481464e-01
8.792221183896494040e+03 1.046141318728124048e-01
8.793221209053897837e+03 1.045224110693793312e-01
8.794221234211301635e+03 1.044302808812618971e-01
8.795221259368705432e+03 1.043377464480730321e-01
8.796221284526111049e+03 1.042448129094255133e-01
8.797221309683514846e+03 1.041514854049326450e-01
8.798221334840918644e+03 1.040577690742071626e-01
8.799221359998322441e+03 1.039636690568620514e-01
8.800221385155726239e+03 1.038691904925102133e-01
8.801221410313130036e+03 1.037743385207646057e-01
8.802221435470535653e+03 1.036791182812380196e-01
8.803221460627939450e+03 1.035835349135437455e-01
8.804221485785343248e+03 1.034875935572945188e-01
8.805221510942747045e+03 1.033912993521033247e-01
8.806221536100150843e+03 1.032946574375830651e-01
8.807221561257554640e+03 1.031976729533467113e-01
8.808221586414958438e+03 1.031003510390072070e-01
8.809221611572362235e+03 1.030026968341774957e-01
8.810221636729766033e+03 1.029047154784705070e-01
8.811221661887171649e+03 1.028064121114990320e-01
8.812221687044575447e+03 1.027077918728763334e-01
8.813221712201979244e+03 1.026088599022152020e-01
8.814221737359383042e+03 1.025096213391286093e-01
8.815221762516788658e+03 1.024100813232292490e-01
8.816221787674192456e+03 1.023102449941304809e-01
8.817221812831594434e+03 1.022101174914452348e-01
8.818221837989000051e+03 1.021097039547858992e-01
8.819221863146403848e+03 1.020090095237659866e-01
8.820221888303807646e+03 1.019080393379982463e-01
8.821221913461211443e+03 1.018067985370956080e-01
8.822221938618617060e+03 1.017052922606708487e-01
8.823221963776020857e+03 1.016035256483373006e-01
8.824221988933424655e+03 1.015015038397076713e-01
8.825222014090828452e+03 1.013992319743949322e-01
8.826222039248232250e+03 1.012967151920120268e-01
8.827222064405636047e+03 1.011939586321719126e-01
8.828222089563039845e+03 1.010909674344875192e-01
8.829222114720445461e+03 1.009877467385715960e-01
8.830222139877849258e+03 1.008843016840374751e-01
8.831222165035253056e+03 1.007806374104979058e-01
8.832222190192656853e+03 1.006767590575658455e-01
8.833222215350060651e+03 1.005726717648542101e-01
8.834222240507464448e+03 1.004683806719759709e-01
8.835222265664868246e+03 1.003638909185440575e-01
8.836222290822272043e+03 1.002592076441714275e-01
8.837222315979675841e+03 1.001543359884710105e-01
8.838222341137081457e+03 1.000492810910555697e-01
8.839222366294485255e+03 9.994404809153840941e-02
8.840222391451889052e+03 9.983864212953229289e-02
8.841222416609292850e+03 9.973306834465019144e-02
8.842222441766696647e+03 9.962733187650500699e-02
8.843222466924102264e+03 9.952143786470953046e-02
8.844222492081504242e+03 9.941539144887723278e-02
8.845222517238909859e+03 9.930919776862034976e-02
8.846222542396313656e+03 9.920286196355236619e-02
8.847222567553717454e+03 9.909638917328603136e-02
8.848222592711121251e+03 9.898978453743428885e-02
8.849222617868525049e+03 9.888305319561009610e-02
8.850222643025928846e+03 9.877620028022117415e-02
8.851222668183334463e+03 9.866922975920609795e-02
8.852222693340736441e+03 9.856214316142943022e-02
8.853222718498140239e+03 9.845494170904746378e-02
8.854222743655545855e+03 9.834762662421708823e-02
8.855222768812949653e+03 9.824019912909559560e-02
8.856222793970353450e+03 9.813266044583969505e-02
8.857222819127757248e+03 9.802501179660627617e-02
8.858222844285161045e+03 9.791725440355224241e-02
8.859222869442566662e+03 9.780938948883427519e-02
8.860222894599968640e+03 9.770141827460988859e-02
8.861222919757374257e+03 9.759334198303518115e-02
8.862222944914779873e+03 9.748516183626745879e-02
8.863222970072183671e+03 9.737687905646376374e-02
8.864222995229585649e+03 9.726849486578104109e-02
8.865223020386991266e+03 9.716001048637558368e-02
8.866223045544395063e+03 9.705142714040486396e-02
8.867223070701798861e+03 9.694274605002560496e-02
8.868223095859202658e+03 9.683396843739469628e-02
8.869223121016606456e+03 9.672509552466902749e-02
8.870223146174012072e+03 9.661612853400528000e-02
8.871223171331415870e+03 9.650706868756081525e-02
8.872223196488817848e+03 9.639791720749243953e-02
8.873223221646221646e+03 9.628867531595670937e-02
8.874223246803627262e+03 9.617934423511050046e-02
8.875223271961031060e+03 9.606992518711111873e-02
8.876223297118434857e+03 9.596041939411525945e-02
8.877223322275838655e+03 9.585082807827981222e-02
8.878223347433242452e+03 9.574115246176166660e-02
8.879223372590646250e+03 9.563139376671773995e-02
8.880223397748051866e+03 9.552155321530471366e-02
8.881223422905455664e+03 9.541163202967990753e-02
8.882223448062859461e+03 9.530163143200000297e-02
8.883223473220265078e+03 9.519155264442166753e-02
8.884223498377668875e+03 9.508139688910223486e-02
8.885223523535072673e+03 9.497116538819838638e-02
8.886223548692474651e+03 9.486085936386723372e-02
8.887223573849880268e+03 9.475048003826505583e-02
8.888223599007284065e+03 9.464002863354935291e-02
8.889223624164687863e+03 9.452950637187682026e-02
8.890223649322091660e+03 9.441891447540438909e-02
8.891223674479497276e+03 9.430825416628869917e-02
8.892223699636899255e+03 9.419752666668727847e-02
8.893223724794304871e+03 9.408673319875621166e-02
8.894223749951708669e+03 9.397587498465302669e-02
8.895223775109112466e+03 9.386495324653437722e-02
8.896223800266516264e+03 9.375396920655716670e-02
8.897223825423920061e+03 9.364292408687832636e-02
8.898223850581325678e+03 9.353181910965450985e-02
8.899223875738729475e+03 9.342065549704305083e-02
8.900223900896131454e+03 9.330943447120083889e-02
8.901223926053537070e+03 9.319815725428413911e-02
8.902223951210940868e+03 9.308682506845047944e-02
8.903223976368344665e+03 9.297543913585654130e-02
8.904224001525748463e+03 9.286400067865922814e-02
8.905224026683154079e+03 9.275251091901522138e-02
8.906224051840556058e+03 9.264097107908204898e-02
8.907224076997961674e+03 9.252938238101578172e-02
8.908224102155363653e+03 9.241774604697415574e-02
8.909224127312769269e+03 9.230606329911320018e-02
8.910224152470173067e+03 9.219433535959045689e-02
8.911224177627576864e+03 9.208256345056262115e-02
8.912224202784980662e+03 9.197074879418655480e-02
8.913224227942384459e+03 9.185889261261920291e-02
8.914224253099790076e+03 9.174699612801723303e-02
8.915224278257193873e+03 9.163506056253795107e-02
8.916224303414597671e+03 9.152308713833805232e-02
8.917224328572001468e+03 9.141107707757442635e-02
8.918224353729405266e+03 9.129903160240400439e-02
8.919224378886809063e+03 9.118695193498363438e-02
8.920224404044214680e+03 9.107483929934463707e-02
8.921224429201618477e+03 9.096269521654720691e-02
8.922224454359022275e+03 9.085052182676695010e-02
8.923224479516426072e+03 9.073832134758545720e-02
8.924224504673831689e+03 9.062609599658416615e-02
8.925224529831233667e+03 9.051384799134525039e-02
8.926224554988637465e+03 9.040157954944970375e-02
8.927224580146041262e+03 9.028929288847936663e-02
8.928224605303445060e+03 9.017699022601578795e-02
8.929224630460850676e+03 9.006467377964041954e-02
8.930224655618254474e+03 8.995234576693524053e-02
8.931224680775658271e+03 8.984000840548164724e-02
8.932224705933062069e+03 8.972766391286125798e-02
8.933224731090465866e+03 8.961531450665566334e-02
8.934224756247871483e+03 8.950296240444625961e-02
8.935224781405273461e+03 8.939060982381526188e-02
8.936224806562679078e+03 8.927825898234345581e-02
8.937224831720082875e+03 8.916591209761307035e-02
8.938224856877488492e+03 8.905357138720529364e-02
8.939224882034892289e+03 8.894123906870210483e-02
8.940224907192294268e+03 8.882891735968515001e-02
8.941224932349699884e+03 8.871660847773536751e-02
8.942224957507103682e+03 8.860431464043502792e-02
8.943224982664507479e+03 8.849203806536549977e-02
8.944225007821911277e+03 8.837978097010838752e-02
8.945225032979315074e+03 8.826754557224529563e-02
8.946225058136718872e+03 8.815533408935781468e-02
8.947225083294124488e+03 8.804314873902735483e-02
8.948225108451528286e+03 8.793099173883592301e-02
8.949225133608932083e+03 8.781886530636491550e-02
8.950225158766335881e+03 8.770677165919593676e-02
8.951225183923739678e+03 8.759471301491057738e-02
8.952225209081143475e+03 8.748269159109045567e-02
8.953225234238547273e+03 8.737070960531716224e-02
8.954225259395951070e+03 8.725876927517232928e-02
8.955225284553356687e+03 8.714687281823729759e-02
8.956225309710758665e+03 8.703502245209433774e-02
8.957225334868164282e+03 8.692322039432416603e-02
8.958225360025568079e+03 8.681146886250909467e-02
8.959225385182973696e+03 8.669977007423022852e-02
8.960225410340375674e+03 8.658812624706982430e-02
8.961225435497779472e+03 8.647653959860886197e-02
8.962225460655185088e+03 8.636501234642893210e-02
8.963225485812588886e+03 8.625354670811206936e-02
8.964225510969992683e+03 8.614214490123965617e-02
8.965225536127396481e+03 8.603080914339329699e-02
8.966225561284800278e+03 8.591954165215459627e-02
8.967225586442204076e+03 8.580834464510514459e-02
8.968225611599609692e+03 8.569722033982636600e-02
8.969225636757013490e+03 8.558617095390022578e-02
8.970225661914417287e+03 8.547519870490816185e-02
8.971225687071821085e+03 8.536430581043176480e-02
8.972225712229224882e+03 8.525349448805265296e-02
8.973225737386628680e+03 8.514276695535238915e-02
8.974225762544032477e+03 8.503212542991257783e-02
8.975225787701436275e+03 8.492157212931485122e-02
8.976225812858841891e+03 8.481110927114059173e-02
8.977225838016245689e+03 8.470073907297182014e-02
8.978225863173649486e+03 8.459046375238993276e-02
8.979225888331053284e+03 8.448028552697650628e-02
8.980225913488457081e+03 8.437020661431317292e-02
8.981225938645860879e+03 8.426022923198152326e-02
8.982225963803266495e+03 8.415035559756295358e-02
8.983225988960668474e+03 8.404058792863967897e-02
8.984226014118074090e+03 8.393092844279245734e-02
8.985226039275477888e+03 8.382137935760355929e-02
8.986226064432881685e+03 8.371194289065433947e-02
8.987226089590285483e+03 8.360262125952640233e-02
8.988226114747691099e+03 8.349341668180118581e-02
8.989226139905094897e+03 8.338433137506065518e-02
8.990226165062498694e+03 8.327536755676236135e-02
8.991226190219902492e+03 8.316652742512099794e-02
8.992226215377306289e+03 8.305781313843706160e-02
8.993226240534710087e+03 8.294922685004936513e-02
8.994226265692113884e+03 8.284077071329676301e-02
8.995226290849517682e+03 8.273244688151806803e-02
8.996226316006923298e+03 8.262425750805189872e-02
8.997226341164327096e+03 8.251620474623749812e-02
8.998226366321730893e+03 8.240829074941348475e-02
8.999226391479134691e+03 8.230051767091871306e-02
9.000226416636538488e+03 8.219288766409198199e-02
9.001226441793942286e+03 8.208540288227211823e-02
9.002226466951346083e+03 8.197806547879794847e-02
9.003226492108751700e+03 8.187087760700814676e-02
9.004226517266155497e+03 8.176384142024188673e-02
9.005226542423557476e+03 8.165695907183800895e-02
9.006226567580963092e+03 8.155023271513477112e-02
9.007226592738366890e+03 8.144366450347155506e-02
9.008226617895770687e+03 8.133725659018703480e-02
9.009226643053176304e+03 8.123101112861982886e-02
9.010226668210580101e+03 8.112493027210913865e-02
9.011226693367982080e+03 8.101901617399380473e-02
9.012226718525387696e+03 8.091327098761205705e-02
9.013226743682791493e+03 8.080769686630333293e-02
9.014226768840195291e+03 8.070229596340625089e-02
9.015226793997599088e+03 8.059707043225963763e-02
9.016226819155002886e+03 8.049202242620233372e-02
9.017226844312408502e+03 8.038715409857295768e-02
9.018226869469812300e+03 8.028246760271073867e-02
9.019226894627216097e+03 8.017796509195429522e-02
9.020226919784619895e+03 8.007364871964248176e-02
9.021226944942023692e+03 7.996952063911411113e-02
9.022226970099427490e+03 7.986558300370799612e-02
9.023226995256831287e+03 7.976183796676297733e-02
9.024227020414236904e+03 7.965828768161771489e-02
9.025227045571640701e+03 7.955493430161138246e-02
9.026227070729044499e+03 7.945177998008265408e-02
9.027227095886448296e+03 7.934882687037031479e-02
9.028227121043852094e+03 7.924607712581323293e-02
9.029227146201255891e+03 7.914353289975019357e-02
9.030227171358659689e+03 7.904119634552007889e-02
9.031227196516063486e+03 7.893906961646167397e-02
9.032227221673467284e+03 7.883715486591381938e-02
9.033227246830872900e+03 7.873545424721517527e-02
9.034227271988276698e+03 7.863396991370491529e-02
9.035227297145680495e+03 7.853270401872171347e-02
9.036227322303086112e+03 7.843165871560416058e-02
9.037227347460488090e+03 7.833083615769169394e-02
9.038227372617893707e+03 7.823023849832237697e-02
9.039227397775295685e+03 7.812986789083578576e-02
9.040227422932701302e+03 7.802972648856999760e-02
9.041227448090105099e+03 7.792981644486439430e-02
9.042227473247508897e+03 7.783013991305763601e-02
9.043227498404912694e+03 7.773069904648852169e-02
9.044227523562316492e+03 7.763149599849593352e-02
9.045227548719722108e+03 7.753253292241847616e-02
9.046227573877124087e+03 7.743381197159550366e-02
9.047227599034529703e+03 7.733533529936517659e-02
9.048227624191933501e+03 7.723710505906680734e-02
9.049227649349339117e+03 7.713912340403891732e-02
9.050227674506741096e+03 7.704139248762084669e-02
9.051227699664146712e+03 7.694391446315070049e-02
9.052227724821548691e+03 7.684669148396801319e-02
9.053227749978954307e+03 7.674972570341094535e-02
9.054227775136358105e+03 7.665301927481882327e-02
9.055227800293761902e+03 7.655657435153029322e-02
9.056227825451167519e+03 7.646039308688402925e-02
9.057227850608569497e+03 7.636447763421935764e-02
9.058227875765975114e+03 7.626883014687443896e-02
9.059227900923378911e+03 7.617345277818862725e-02
9.060227926080782709e+03 7.607834768004331782e-02
9.061227951238186506e+03 7.598351678228142114e-02
9.062227976395590304e+03 7.588896155643272412e-02
9.063228001552994101e+03 7.579468341738242187e-02
9.064228026710397899e+03 7.570068378001572340e-02
9.065228051867803515e+03 7.560696405921771279e-02
9.066228077025207313e+03 7.551352566987391823e-02
9.067228102182611110e+03 7.542037002686940994e-02
9.068228127340014908e+03 7.532749854508938303e-02
9.069228152497418705e+03 7.523491263941906038e-02
9.070228177654822503e+03 7.514261372474366485e-02
9.071228202812226300e+03 7.505060321594840544e-02
9.072228227969630098e+03 7.495888252791851891e-02
9.073228253127035714e+03 7.486745307553901996e-02
9.074228278284437692e+03 7.477631627369567269e-02
9.075228303441843309e+03 7.468547353727296445e-02
9.076228328599247106e+03 7.459492628115668711e-02
9.077228353756650904e+03 7.450467592023182761e-02
9.078228378914054701e+03 7.441472386938365047e-02
9.079228404071460318e+03 7.432507154349715650e-02
9.080228429228862296e+03 7.423572035745810982e-02
9.081228454386267913e+03 7.414667172615105328e-02
9.082228479543671710e+03 7.405792706446168161e-02
9.083228504701075508e+03 7.396948778727506502e-02
9.084228529858479305e+03 7.388135530947639862e-02
9.085228555015883103e+03 7.379353104595091917e-02
9.086228580173286900e+03 7.370601641158383566e-02
9.087228605330690698e+03 7.361881282126037096e-02
9.088228630488096314e+03 7.353192168986558142e-02
9.089228655645500112e+03 7.344534443228500908e-02
9.090228680802905728e+03 7.335908246340351602e-02
9.091228705960309526e+03 7.327313719810669979e-02
9.092228731117711504e+03 7.318751005127972775e-02
9.093228756275115302e+03 7.310220243780751748e-02
9.094228781432520918e+03 7.301721577257527795e-02
9.095228806589924716e+03 7.293255147046856512e-02
9.096228831747328513e+03 7.284821094637242145e-02
9.097228856904732311e+03 7.276419561517205592e-02
9.098228882062136108e+03 7.268050689175270529e-02
9.099228907219539906e+03 7.259714619099957855e-02
9.100228932376943703e+03 7.251411492779787082e-02
9.101228957534349320e+03 7.243141451703268008e-02
9.102228982691753117e+03 7.234904637358950674e-02
9.103229007849156915e+03 7.226701191235342103e-02
9.104229033006560712e+03 7.218531254820965970e-02
9.105229058163966329e+03 7.210394969604325133e-02
9.106229083321370126e+03 7.202292477073975185e-02
9.107229108478772105e+03 7.194223918718437027e-02
9.108229133636177721e+03 7.186189436026184374e-02
9.109229158793581519e+03 7.178189170485786696e-02
9.110229183950985316e+03 7.170223263585751017e-02
9.111229209108389114e+03 7.162291856814596847e-02
9.112229234265792911e+03 7.154395091660849249e-02
9.113229259423196709e+03 7.146533109613026347e-02
9.114229284580602325e+03 7.138706052159636550e-02
9.115229309738006123e+03 7.130914060789231290e-02
9.116229334895409920e+03 7.123157276990316200e-02
9.117229360052813718e+03 7.115435842251416343e-02
9.118229385210217515e+03 7.107749898061049842e-02
9.119229410367621313e+03 7.100099585907740374e-02
9.120229435525025110e+03 7.092485047280010224e-02
9.121229460682428908e+03 7.084906423666377517e-02
9.122229485839832705e+03 7.077363856555367316e-02
9.123229510997238322e+03 7.069857487435488030e-02
9.124229536154642119e+03 7.062387457795286927e-02
9.125229561312045917e+03 7.054953909123272415e-02
9.126229586469451533e+03 7.047556982907952905e-02
9.127229611626855331e+03 7.040196820637877051e-02
9.128229636784257309e+03 7.032873563801567141e-02
9.129229661941662926e+03 7.025587353887503828e-02
9.130229687099066723e+03 7.018338331227334803e-02
9.131229712256470521e+03 7.011126463237880857e-02
9.132229737413874318e+03 7.003951362156930760e-02
9.133229762571278116e+03 6.996812596577144105e-02
9.134229787728681913e+03 6.989709735091184650e-02
9.135229812886085710e+03 6.982642346291717539e-02
9.136229838043491327e+03 6.975609998771388487e-02
9.137229863200895124e+03 6.968612261122887619e-02
9.138229888358298922e+03 6.961648701938864814e-02
9.139229913515702719e+03 6.954718889811983829e-02
9.140229938673108336e+03 6.947822393334891766e-02
9.141229963830510314e+03 6.940958781100291242e-02
9.142229988987914112e+03 6.934127621700808541e-02
9.143230014145319728e+03 6.927328483729104647e-02
9.144230039302723526e+03 6.920560935777864131e-02
9.145230064460127323e+03 6.913824546439742424e-02
9.146230089617531121e+03 6.907118884307400508e-02
9.147230114774934918e+03 6.900443517973499363e-02
9.148230139932340535e+03 6.893798016030690257e-02
9.149230165089744332e+03 6.887181947071660537e-02
9.150230190247148130e+03 6.880594879689061472e-02
9.151230215404551927e+03 6.874036382475554041e-02
9.152230240561955725e+03 6.867506024023802003e-02
9.153230265719359522e+03 6.861003372926467725e-02
9.154230290876763320e+03 6.854527997776213577e-02
9.155230316034168936e+03 6.848079467165690826e-02
9.156230341191570915e+03 6.841657349687597922e-02
9.157230366348974712e+03 6.835261213934562541e-02
9.158230391506380329e+03 6.828890628499244275e-02
9.159230416663784126e+03 6.822545161974331862e-02
9.160230441821187924e+03 6.816224382952476568e-02
9.161230466978591721e+03 6.809927860026339375e-02
9.162230492135995519e+03 6.803655161788584038e-02
9.163230517293399316e+03 6.797405856831872928e-02
9.164230542450804933e+03 6.791179513748858698e-02
9.165230567608208730e+03 6.784975701132223147e-02
9.166230592765612528e+03 6.778793987574620317e-02
9.167230617923016325e+03 6.772633941668715352e-02
9.168230643080420123e+03 6.766495132007165070e-02
9.169230668237823920e+03 6.760377127182634616e-02
9.170230693395229537e+03 6.754279495787776644e-02
9.171230718552633334e+03 6.748201806415275728e-02
9.172230743710037132e+03 6.742143627657781746e-02
9.173230768867440929e+03 6.736104528107958456e-02
9.174230794024844727e+03 6.730084076358471001e-02
9.175230819182248524e+03 6.724081841001977589e-02
9.176230844339654141e+03 6.718097390631132260e-02
9.177230869497056119e+03 6.712130293838629302e-02
9.178230894654461736e+03 6.706180119217089453e-02
9.179230919811865533e+03 6.700246435359206998e-02
9.180230944969269331e+03 6.694328810857633205e-02
9.181230970126673128e+03 6.688426814305033219e-02
9.182230995284076926e+03 6.682540014294065245e-02
9.183231020441482542e+03 6.676667979417386101e-02
9.184231045598884521e+03 6.670810278267687299e-02
9.185231070756288318e+03 6.664966479437599289e-02
9.186231095913693935e+03 6.659136151519787217e-02
9.187231121071097732e+03 6.653318863106932879e-02
9.188231146228503349e+03 6.647514182791679216e-02
9.189231171385907146e+03 6.641721679166709413e-02
9.190231196543309125e+03 6.635940920824685840e-02
9.191231221700712922e+03 6.630171476358250049e-02
9.192231246858118539e+03 6.624412914360064408e-02
9.193231272015522336e+03 6.618664803422813492e-02
9.194231297172926133e+03 6.612926712139148566e-02
9.195231322330331750e+03 6.607198209101720898e-02
9.196231347487733728e+03 6.601478862903227551e-02
9.197231372645139345e+03 6.595768242136287873e-02
9.198231397802541323e+03 6.590065915393604479e-02
9.199231422959946940e+03 6.584371451267800879e-02
9.200231448117348918e+03 6.578684418540030332e-02
9.201231473274754535e+03 6.573004413623820263e-02
9.202231498432158332e+03 6.567331089415817669e-02
9.203231523589562130e+03 6.561664105713362061e-02
9.204231548746965927e+03 6.556003122313801279e-02
9.205231573904369725e+03 6.550347799014487327e-02
9.206231599061775341e+03 6.544697795612758329e-02
9.207231624219179139e+03 6.539052771905987105e-02
9.208231649376582936e+03 6.533412387691510392e-02
9.209231674533986734e+03 6.527776302766681582e-02
9.210231699691390531e+03 6.522144176928845738e-02
9.211231724848794329e+03 6.516515669975356251e-02
9.212231750006199945e+03 6.510890441703549858e-02
9.213231775163603743e+03 6.505268151910799379e-02
9.214231800321007540e+03 6.499648460394442939e-02
9.215231825478411338e+03 6.494031026951831154e-02
9.216231850635815135e+03 6.488415511380313250e-02
9.217231875793218933e+03 6.482801573477239843e-02
9.218231900950624549e+03 6.477188873039950445e-02
9.219231926108028347e+03 6.471577069865813714e-02
9.220231951265430325e+03 6.465965823752180264e-02
9.221231976422835942e+03 6.460354794496370179e-02
9.222232001580239739e+03 6.454743641895763218e-02
9.223232026737643537e+03 6.449132025747698893e-02
9.224232051895047334e+03 6.443519605849526433e-02
9.225232077052451132e+03 6.437906041998597839e-02
9.226232102209854929e+03 6.432290993992259565e-02
9.227232127367260546e+03 6.426674121627855285e-02
9.228232152524664343e+03 6.421055084702750881e-02
9.229232177682068141e+03 6.415433543014288642e-02
9.230232202839473757e+03 6.409809156359809468e-02
9.231232227996877555e+03 6.404181584536680627e-02
9.232232253154281352e+03 6.398550487342241633e-02
9.233232278311683331e+03 6.392915524573852815e-02
9.234232303469088947e+03 6.387276356028837032e-02
9.235232328626492745e+03 6.381632641504568493e-02
9.236232353783896542e+03 6.375984040798392261e-02
9.237232378941300340e+03 6.370330213707656175e-02
9.238232404098704137e+03 6.364670820029709464e-02
9.239232429256107935e+03 6.359005519561902742e-02
9.240232454413513551e+03 6.353333972101575522e-02
9.241232479570917349e+03 6.347655837446097848e-02
9.242232504728321146e+03 6.341970775392809234e-02
9.243232529885724944e+03 6.336278445739057519e-02
9.244232555043128741e+03 6.330578508282194705e-02
9.245232580200532539e+03 6.324870622819571409e-02
9.246232605357936336e+03 6.319154449148536856e-02
9.247232630515341953e+03 6.313429647066429173e-02
9.248232655672743931e+03 6.307695876370630894e-02
9.249232680830149548e+03 6.301952796858448225e-02
9.250232705987553345e+03 6.296200068327265087e-02
9.251232731144957143e+03 6.290437350574419606e-02
9.252232756302362759e+03 6.284664303397249907e-02
9.253232781459766557e+03 6.278880586593127422e-02
9.254232806617170354e+03 6.273085859959390276e-02
9.255232831774574151e+03 6.267279783293390472e-02
9.256232856931977949e+03 6.261462016392477237e-02
9.257232882089381746e+03 6.255632219054001186e-02
9.258232907246785544e+03 6.249790051075310160e-02
9.259232932404189341e+03 6.243935172253754773e-02
9.260232957561594958e+03 6.238067242386674538e-02
9.261232982718998755e+03 6.232185921271440193e-02
9.262233007876400734e+03 6.226290868705400966e-02
9.263233033033806350e+03 6.220381744485876246e-02
9.264233058191210148e+03 6.214458208410247181e-02
9.265233083348613945e+03 6.208519920275852588e-02
9.266233108506017743e+03 6.202566539880041696e-02
9.267233133663423359e+03 6.196597727020154711e-02
9.268233158820825338e+03 6.190613141493572780e-02
9.269233183978229135e+03 6.184612443097614598e-02
9.270233209135634752e+03 6.178595292809008904e-02
9.271233234293038549e+03 6.172561521290030606e-02
9.272233259450444166e+03 6.166511304369036439e-02
9.273233284607846144e+03 6.160444859801152140e-02
9.274233309765251761e+03 6.154362405341427811e-02
9.275233334922655558e+03 6.148264158744986413e-02
9.276233360080059356e+03 6.142150337766910662e-02
9.277233385237463153e+03 6.136021160162294374e-02
9.278233410394866951e+03 6.129876843686228594e-02
9.279233435552270748e+03 6.123717606093806443e-02
9.280233460709674546e+03 6.117543665140121045e-02
9.281233485867078343e+03 6.111355238580263444e-02
9.282233511024483960e+03 6.105152544169317047e-02
9.283233536181887757e+03 6.098935799662395796e-02
9.284233561339291555e+03 6.092705222814580324e-02
9.285233586496697171e+03 6.086461031380952652e-02
9.286233611654099150e+03 6.080203443116639905e-02
9.287233636811502947e+03 6.073932675776699819e-02
9.288233661968908564e+03 6.067648947116225516e-02
9.289233687126312361e+03 6.061352474890332326e-02
9.290233712283716159e+03 6.055043476854101575e-02
9.291233737441119956e+03 6.048722170762625000e-02
9.292233762598525573e+03 6.042388774370983928e-02
9.293233787755929370e+03 6.036043505434294382e-02
9.294233812913333168e+03 6.029686581707637688e-02
9.295233838070735146e+03 6.023318220946118073e-02
9.296233863228140763e+03 6.016938640904792579e-02
9.297233888385544560e+03 6.010548059338788329e-02
9.298233913542948358e+03 6.004146694003187346e-02
9.299233938700352155e+03 5.997734762653082058e-02
9.300233963857755953e+03 5.991312483043564202e-02
9.310234215431797566e+03 5.926568438801076838e-02
9.330234718579877153e+03 5.794912219390678521e-02
9.350235221727958560e+03 5.661808137077656289e-02
9.370235724876039967e+03 5.528799545930975640e-02
9.390236228024121374e+03 5.397245569484800803e-02
9.410236731172204600e+03 5.268497755680081468e-02
9.430237234320284188e+03 5.143648296795504810e-02
9.450237737468365594e+03 5.022788147730840314e-02
9.470238240616447001e+03 4.905766686967744789e-02
9.490238743764528408e+03 4.792419912030768808e-02
9.510239246912609815e+03 4.682292629362919123e-02
9.530239750060689403e+03 4.574647373302152820e-02
9.550240253208770810e+03 4.468735081074014237e-02
9.570240756356852216e+03 4.363512652246197276e-02
9.590241259504933623e+03 4.256802459069841671e-02
9.610241762653015030e+03 4.146153282076627672e-02
9.630242265801096437e+03 4.029217042216206440e-02
9.650242768949176025e+03 3.905888348751163086e-02
9.670243272097259251e+03 3.778234808707420234e-02
9.690243775245338838e+03 3.648413226239510115e-02
9.710244278393420245e+03 3.518107752981565473e-02
9.730244781541503471e+03 3.387179800814903857e-02
9.750245284689583059e+03 3.255051459406253095e-02
9.770245787837664466e+03 3.121192593796606740e-02
9.790246290985745873e+03 2.986111059554884609e-02
9.810246794133827279e+03 2.851319985707697485e-02
9.830247297281908686e+03 2.718373730635104818e-02
9.850247800429988274e+03 2.588550700941134181e-02
9.870248303578071500e+03 2.462065683047721595e-02
9.890248806726151088e+03 2.338877241874410054e-02
9.910249309874232495e+03 2.218945116253050534e-02
9.930249813022313901e+03 2.102254529411990217e-02
9.950250316170395308e+03 1.988815374380420095e-02
9.970250819318476715e+03 1.878638555122591133e-02
9.990251322466558122e+03 1.771732711747326869e-02
1.002525220297569831e+04 1.592516764717286787e-02
1.007525346084590274e+04 1.353847441264086765e-02
